"species","x","y","SegSumT","USRainDays","USSlope"
"background",1,1,16,2.47,9.8
"background",2,2,18.3,0.847,0.4
"background",3,3,16.7,0.21,0.4
"background",4,4,15.1,3.3,25.7
"background",5,5,18.1,1.153,4.9
"background",6,6,18.9,0.887,9.8
"background",7,7,14.9,2.249,3.9
"background",8,8,13.4,0.77,20.1
"background",9,9,13.1,0.29,9.8
"background",10,10,17,1.98,10.5
"background",11,11,15.7,3.3,2.7
"background",12,12,16.6,0.86,19
"background",13,13,14.7,0.31,15.2
"background",14,14,14.6,0.34,16.7
"background",15,15,16.4,0.21,25.5
"background",16,16,12.8,0.36,23.6
"background",17,17,13.2,0.21,23.2
"background",18,18,13.8,0.41,13.6
"background",19,19,18.8,1.504,19.3
"background",20,20,17.2,1.3,11.5
"background",21,21,16.5,0.956,23.9
"background",22,22,13.1,0.32,20.9
"background",23,23,12.8,0.33,11.5
"background",24,24,16.3,3.27,20.1
"background",25,25,16.6,2.249,2.5
"background",26,26,15.4,3.3,14.3
"background",27,27,16.4,0.21,21.3
"background",28,28,15,1.94,27.4
"background",29,29,18.5,0.847,6
"background",30,30,14.9,2.249,3.9
"background",31,31,17,0.37,0.1
"background",32,32,17.1,1.22,23.9
"background",33,33,14.5,1.062,2.4
"background",34,34,16.7,1.22,29.5
"background",35,35,16,3.3,24.4
"background",36,36,14.7,0.28,11.4
"background",37,37,17.7,1.22,17.9
"background",38,38,16.9,1.21,28.4
"background",39,39,16.8,0.69,19.9
"background",40,40,17.8,1.153,24.9
"background",41,41,15.8,3.3,7.1
"background",42,42,16.2,3.3,3.5
"background",43,43,14.3,1.4,29.1
"background",44,44,17.7,0.999,9.3
"background",45,45,18.6,1.153,14.1
"background",46,46,11.9,0.59,15.9
"background",47,47,17.1,0.846,15.1
"background",48,48,15.4,2.249,6.8
"background",49,49,15.1,2.249,2.4
"background",50,50,15.7,3.3,13.3
"background",51,51,13.2,0.7,15.8
"background",52,52,19.4,1.074,12.4
"background",53,53,15,0.21,24.4
"background",54,54,14.3,0.23,14.6
"background",55,55,13.8,0.93,12.8
"background",56,56,19.4,1.153,8
"background",57,57,17,1.153,11.4
"background",58,58,15.6,3.3,11.1
"background",59,59,15,0.53,20.2
"background",60,60,17.4,0.35,21.1
"background",61,61,17.8,1.112,10.3
"background",62,62,18,0.847,17.3
"background",63,63,15.4,3.3,14.9
"background",64,64,14.3,0.29,12.3
"background",65,65,15,2.57,18
"background",66,66,14.2,0.23,14.3
"background",67,67,15.3,0.21,22.3
"background",68,68,17.9,1.514,23
"background",69,69,16.2,1,26
"background",70,70,15.6,3.3,27.6
"background",71,71,13.5,0.8,24.9
"background",72,72,13.6,0.21,13.1
"background",73,73,18.9,0.847,9.4
"background",74,74,17.3,1.98,30.4
"background",75,75,14.2,1.1,27.2
"background",76,76,13.4,0.65,18.6
"background",77,77,17.2,0.985,10.6
"background",78,78,18.3,0.881,7.7
"background",79,79,16,3.16,18.1
"background",80,80,16.2,2.191,9.4
"background",81,81,17.1,1.22,30.1
"background",82,82,15.4,3.3,7.1
"background",83,83,13.2,0.29,12.8
"background",84,84,15.6,3.3,13.1
"background",85,85,15,3.3,26
"background",86,86,15.7,3.3,8.5
"background",87,87,16.7,1.98,17.8
"background",88,88,18,0.907,14.1
"background",89,89,18.6,0.994,9.2
"background",90,90,12.1,0.29,12.5
"background",91,91,15.1,1.22,16
"background",92,92,11.7,0.21,14.4
"background",93,93,15.2,0.33,3.6
"background",94,94,17.2,1.153,13.6
"background",95,95,15.2,3.3,11.8
"background",96,96,14.5,1.75,13.1
"background",97,97,17,1.98,23
"background",98,98,19.1,0.996,6.9
"background",99,99,15,0.37,0.3
"background",100,100,15.9,3.3,11.1
"background",101,101,18,1.257,6.9
"background",102,102,18.4,0.847,9.3
"background",103,103,15,0.36,23.5
"background",104,104,14.6,1.23,20.4
"background",105,105,15.7,3.3,14.6
"background",106,106,17.1,0.21,20.7
"background",107,107,13.8,0.21,15.5
"background",108,108,14.1,1.34,26.1
"background",109,109,16.2,2.249,8.1
"background",110,110,18.6,1.321,13.9
"background",111,111,16.5,1.153,14.8
"background",112,112,18.7,0.872,18
"background",113,113,14.2,0.38,21.2
"background",114,114,17.4,1.461,8.3
"background",115,115,16.5,0.52,17.3
"background",116,116,12.4,0.29,8.4
"background",117,117,17.9,1.513,19.4
"background",118,118,17,1.975,2.1
"background",119,119,16.2,2.36,27.1
"background",120,120,12.3,0.74,25.2
"background",121,121,15.8,3.03,7.2
"background",122,122,18.2,0.847,1
"background",123,123,17.2,2.249,10.9
"background",124,124,18.2,0.897,0.3
"background",125,125,15.9,3.3,6.9
"background",126,126,15.4,0.34,13.7
"background",127,127,15.7,3.3,14.1
"background",128,128,17.1,1.023,3.9
"background",129,129,16,0.991,12.4
"background",130,130,14.2,0.41,6.9
"background",131,131,16.6,0.976,21.3
"background",132,132,16.5,0.607,9.9
"background",133,133,17.2,1.263,8.4
"background",134,134,16.2,0.21,18.2
"background",135,135,14.2,0.44,26
"background",136,136,14.8,0.21,1.8
"background",137,137,18.9,1.153,10.1
"background",138,138,15.4,0.77,25.1
"background",139,139,15.7,1.153,23.8
"background",140,140,13.3,0.29,21.7
"background",141,141,16.4,2.144,2.5
"background",142,142,13.5,0.23,17.6
"background",143,143,17.7,0.992,12.1
"background",144,144,17.1,1.053,9.4
"background",145,145,16.4,0.21,5.1
"background",146,146,16.3,0.21,10.8
"background",147,147,14.1,1.11,30.5
"background",148,148,17.6,1.313,19
"background",149,149,17,0.39,0.2
"background",150,150,13.9,1.98,10.7
"background",151,151,15.9,3.3,11.1
"background",152,152,15.2,0.25,13.3
"background",153,153,12,0.29,12.8
"background",154,154,13.7,0.41,2.8
"background",155,155,17.2,1.514,14.9
"background",156,156,16.9,0.771,10.6
"background",157,157,18.9,1.047,16
"background",158,158,15.4,3.3,15.2
"background",159,159,12.9,0.29,6.2
"background",160,160,15.7,1.98,18.1
"background",161,161,12.7,0.26,17.2
"background",162,162,16.9,1.22,20.6
"background",163,163,17.1,1.1,22
"background",164,164,16.5,1.153,27.8
"background",165,165,15.2,2.249,4.3
"background",166,166,14.6,0.21,15.8
"background",167,167,18.1,1.464,8.3
"background",168,168,16.9,1.22,26.5
"background",169,169,15.4,3.3,21.8
"background",170,170,13.8,0.8,23
"background",171,171,13,1.98,11
"background",172,172,17.1,1.04,27.6
"background",173,173,15.2,0.834,8.7
"background",174,174,17.5,0.761,2.8
"background",175,175,15.6,0.882,24.7
"background",176,176,15.7,3.3,27.9
"background",177,177,16.6,0.21,11.9
"background",178,178,14.1,1.58,25.6
"background",179,179,14.4,1.3,20.8
"background",180,180,17.4,1.751,12.7
"background",181,181,14.3,0.29,22.8
"background",182,182,14,0.61,28.1
"background",183,183,18.7,1.514,8.6
"background",184,184,17.9,1.875,10.8
"background",185,185,19.6,1.153,13.7
"background",186,186,16.1,0.55,25.1
"background",187,187,16.1,0.21,17.4
"background",188,188,12,0.29,16.5
"background",189,189,14,2.4,14.3
"background",190,190,15.6,3.3,23
"background",191,191,14.5,3.3,31.9
"background",192,192,13.5,0.21,18
"background",193,193,15.7,0.55,13.2
"background",194,194,18.1,0.847,1.9
"background",195,195,15.9,0.96,27.4
"background",196,196,10.7,0.33,8.4
"background",197,197,16.9,1.514,16.9
"background",198,198,14.1,0.33,12.8
"background",199,199,14.4,0.21,7.7
"background",200,200,18.6,1.072,10.4
"background",201,201,16.1,0.24,7.8
"background",202,202,17.8,0.847,8.3
"background",203,203,15.9,0.861,21.5
"background",204,204,18.7,1.514,12.9
"background",205,205,14.4,0.29,8.8
"background",206,206,14,0.77,25.8
"background",207,207,18.2,1.514,17.3
"background",208,208,14.2,0.34,5.3
"background",209,209,16,0.21,17.6
"background",210,210,15.6,3.3,2.5
"background",211,211,17.2,1.505,13.2
"background",212,212,14,0.41,8.2
"background",213,213,17.1,1.782,26.1
"background",214,214,15.7,1.041,14
"background",215,215,14,0.21,22.1
"background",216,216,19.6,1.153,12.3
"background",217,217,16.5,1.22,17.3
"background",218,218,13.8,0.23,23.4
"background",219,219,16.8,0.21,10.1
"background",220,220,13.6,1.16,30.5
"background",221,221,18,0.934,9.8
"background",222,222,15.7,1.22,17.2
"background",223,223,17,1.22,19.5
"background",224,224,12.5,0.21,4.5
"background",225,225,15.8,1.22,25.6
"background",226,226,13.6,0.64,3.8
"background",227,227,12.5,0.83,18.4
"background",228,228,15.1,0.34,18
"background",229,229,17.4,1.22,21.7
"background",230,230,18.5,1.067,12.4
"background",231,231,15.1,0.3,11.2
"background",232,232,18.2,1.226,6
"background",233,233,15.3,3.3,30.2
"background",234,234,15.9,3.3,11.6
"background",235,235,13.8,0.36,11.8
"background",236,236,15.5,3.3,10.1
"background",237,237,16.7,1.98,10.8
"background",238,238,14.9,0.34,11.6
"background",239,239,16.4,0.76,5.4
"background",240,240,16.2,0.28,22.2
"background",241,241,17.5,0.65,0.1
"background",242,242,15,1.059,9.9
"background",243,243,16,1.153,6.8
"background",244,244,18.3,0.85,1.1
"background",245,245,18.1,1.009,12.1
"background",246,246,15.9,0.34,13.1
"background",247,247,14,1.153,24.7
"background",248,248,17,1.22,14.4
"background",249,249,16.2,2.97,9.3
"background",250,250,16.5,1.98,15.8
"background",251,251,17,1.22,32
"background",252,252,15.6,0.76,23.3
"background",253,253,18.2,2.206,14.5
"background",254,254,18.9,0.887,9.8
"background",255,255,18,1.039,10.2
"background",256,256,16.9,0.55,25.6
"background",257,257,15.5,0.29,13.3
"background",258,258,18.3,1.514,18.1
"background",259,259,12.9,1.39,28
"background",260,260,13.6,0.3,13.4
"background",261,261,15,1.22,19.8
"background",262,262,18.6,1.333,16.8
"background",263,263,14.4,0.29,10.1
"background",264,264,15.2,2.68,26.1
"background",265,265,15.6,3.3,14.4
"background",266,266,17,1.514,23.4
"background",267,267,17.7,0.584,20.7
"background",268,268,16.4,1.514,24.6
"background",269,269,14.7,1.646,22.4
"background",270,270,14.7,1.47,1.5
"background",271,271,18.4,1.514,15
"background",272,272,15.3,2.234,6.7
"background",273,273,19.3,1.153,16
"background",274,274,16.6,0.976,19.8
"background",275,275,18.9,0.999,4.9
"background",276,276,14.9,1.98,29
"background",277,277,18.2,0.85,17.6
"background",278,278,18.8,1.015,0.1
"background",279,279,15.7,2.81,28.4
"background",280,280,15.4,2.25,10.3
"background",281,281,12.3,0.29,8.5
"background",282,282,13.5,1.98,18.2
"background",283,283,18,0.847,17
"background",284,284,19,0.847,5
"background",285,285,15.7,3.3,6.4
"background",286,286,18.9,0.893,9.7
"background",287,287,19.6,1.153,10.2
"background",288,288,16.2,0.56,27.2
"background",289,289,17.4,1.079,11.8
"background",290,290,16.8,1.156,5.1
"background",291,291,17.9,1.153,12.3
"background",292,292,16,0.21,10.8
"background",293,293,15.4,0.976,24.6
"background",294,294,15.8,3.3,16.4
"background",295,295,16.1,3.12,22.2
"background",296,296,13.6,0.29,6.4
"background",297,297,15.2,3.3,11.7
"background",298,298,16.6,1.22,26.6
"background",299,299,19.3,1.071,11
"background",300,300,13.8,2.93,30.9
"background",301,301,18.7,1.153,14
"background",302,302,17.3,0.929,25.6
"background",303,303,14.1,1.7,27.4
"background",304,304,16.8,1.22,27.6
"background",305,305,16.3,1.153,20.2
"background",306,306,15.4,3.3,28.6
"background",307,307,16.9,1.22,21.6
"background",308,308,15.4,3.3,11.3
"background",309,309,13.8,0.41,11.2
"background",310,310,14.6,0.26,15.3
"background",311,311,19.5,1.153,5.6
"background",312,312,18.1,1.193,14.1
"background",313,313,16.9,0.673,0.5
"background",314,314,15.4,0.22,23.9
"background",315,315,17.4,1.176,15.6
"background",316,316,14.1,0.21,17.2
"background",317,317,15,1.059,9.9
"background",318,318,18.9,0.893,9.7
"background",319,319,19.1,0.847,6.7
"background",320,320,13.6,1,30.3
"background",321,321,17.5,1.145,16.7
"background",322,322,15,2.07,16.6
"background",323,323,18.1,1.514,28.9
"background",324,324,13.8,0.79,26.4
"background",325,325,18.3,1.514,21.1
"background",326,326,19.2,1.153,12
"background",327,327,18.7,0.995,13.7
"background",328,328,18.5,1.457,19.4
"background",329,329,16.1,3.26,10.3
"background",330,330,14,1.98,12.6
"background",331,331,15.5,1.87,23.1
"background",332,332,15.7,0.21,18.5
"background",333,333,13.7,0.21,22
"background",334,334,15.9,0.29,20.6
"background",335,335,18.2,1.396,18.3
"background",336,336,12.1,0.29,7
"background",337,337,18.7,1.153,14
"background",338,338,15.5,3.3,32.7
"background",339,339,15.1,0.29,19.5
"background",340,340,16.9,1.514,24.7
"background",341,341,16.5,1.207,7.6
"background",342,342,13.3,0.29,17.9
"background",343,343,16.6,1.98,22.3
"background",344,344,16.9,1.514,21.2
"background",345,345,15.4,0.881,22.9
"background",346,346,18.7,0.85,4.2
"background",347,347,16.8,1.22,20
"background",348,348,14,0.45,9.5
"background",349,349,15.9,2.73,20
"background",350,350,16.3,2.249,6.5
"background",351,351,16.9,1.153,11.8
"background",352,352,16.1,0.54,15.7
"background",353,353,17.2,2.198,3
"background",354,354,18.2,1.514,15.1
"background",355,355,19.4,0.85,11.3
"background",356,356,15.9,2.84,18.4
"background",357,357,15.2,0.823,22.2
"background",358,358,16.5,1.153,12.6
"background",359,359,14.1,1.97,28.8
"background",360,360,15.2,0.29,8.4
"background",361,361,16.8,0.21,10.1
"background",362,362,17.6,1.567,29.7
"background",363,363,16.1,0.53,17.9
"background",364,364,18.1,1.274,24.6
"background",365,365,14.9,3.3,16.8
"background",366,366,12.5,0.3,8
"background",367,367,18.8,1.513,22.8
"background",368,368,14.8,2.249,18.1
"background",369,369,14.3,0.35,10.2
"background",370,370,17.3,1.98,24.3
"background",371,371,15.1,0.9,31.4
"background",372,372,15.6,3.25,14.6
"background",373,373,15.6,3.3,11.3
"background",374,374,15.7,3.3,15.3
"background",375,375,18.6,0.847,4.3
"background",376,376,18.8,1.153,8.1
"background",377,377,15.6,3.3,13.1
"background",378,378,16.8,0.976,18.6
"background",379,379,15.9,0.21,18.3
"background",380,380,16.7,1.85,28.6
"background",381,381,17,0.65,31.1
"background",382,382,15.1,2.08,28.1
"background",383,383,14.8,1.07,11
"background",384,384,18.9,1.153,18.4
"background",385,385,16.1,1.153,24.4
"background",386,386,12.8,0.29,4.8
"background",387,387,15.6,3.25,14.6
"background",388,388,18.7,2.249,15.3
"background",389,389,15.7,3.19,18.1
"background",390,390,16,0.55,20.6
"background",391,391,18.5,0.847,9.4
"background",392,392,18.4,1.514,18.7
"background",393,393,14.7,0.38,13.6
"background",394,394,16.5,1.27,23.1
"background",395,395,12.6,0.22,2.4
"background",396,396,15.7,1.04,27.1
"background",397,397,14.6,3.3,33.5
"background",398,398,15.9,0.881,22.4
"background",399,399,18.6,2.249,18.7
"background",400,400,18.6,0.847,1.8
"background",401,401,15.1,0.29,8.9
"background",402,402,17.9,1.027,14
"background",403,403,18.8,1.514,8.3
"background",404,404,18.4,1.118,18.4
"background",405,405,17.4,1.514,3.4
"background",406,406,14.9,0.38,10.2
"background",407,407,14.2,0.29,21.3
"background",408,408,15.5,0.64,22.2
"background",409,409,15.9,1.153,26.2
"background",410,410,13.4,0.35,22.7
"background",411,411,17.2,1.22,22.1
"background",412,412,16.3,0.28,1.5
"background",413,413,18.9,0.887,9.8
"background",414,414,15.7,2.76,14.3
"background",415,415,18.2,1.153,14.3
"background",416,416,16,0.34,13.1
"background",417,417,17.8,0.847,18.1
"background",418,418,15.3,3.3,15.6
"background",419,419,14.8,2.09,28.2
"background",420,420,18.6,1.153,5
"background",421,421,17.2,1.22,20
"background",422,422,15.4,3.3,10.9
"background",423,423,15.8,0.29,0.9
"background",424,424,14.2,1.84,24.6
"background",425,425,15.4,3.3,14.4
"background",426,426,15.9,2.59,18.7
"background",427,427,16.3,0.21,15.8
"background",428,428,13.9,0.21,25.5
"background",429,429,14.3,1.44,29.9
"background",430,430,16.5,0.6,5.2
"background",431,431,18.4,0.902,13.2
"background",432,432,18.3,2.177,14.1
"background",433,433,15.5,2.249,2.6
"background",434,434,17.1,1.514,13.8
"background",435,435,17.3,1.514,16.9
"background",436,436,18.2,1.153,9.6
"background",437,437,18.5,1.514,20.7
"background",438,438,16.8,0.21,18.1
"background",439,439,16.7,1.98,30.8
"background",440,440,16,2.74,15.8
"background",441,441,15.1,0.35,13.9
"background",442,442,19.3,1.153,14.3
"background",443,443,17.5,1.22,20.6
"background",444,444,17.9,1.187,14
"background",445,445,17.8,0.723,21.8
"background",446,446,15.6,0.21,19.5
"background",447,447,17.5,1.215,21.1
"background",448,448,12.7,0.29,9.6
"background",449,449,15.3,3.3,14.4
"background",450,450,14,2.04,29
"background",451,451,17.2,1.22,23.4
"background",452,452,17.5,1.688,22.5
"background",453,453,15.3,0.34,11.1
"background",454,454,15.9,0.68,11.4
"background",455,455,15.3,0.77,25.4
"background",456,456,14.3,1.17,20.3
"background",457,457,16.2,0.56,27.2
"background",458,458,16.2,0.976,21.7
"background",459,459,14.7,0.27,9.7
"background",460,460,16,0.34,13.1
"background",461,461,13,1.98,8.5
"background",462,462,16.2,0.758,16.3
"background",463,463,12.1,0.21,4.6
"background",464,464,15.9,0.911,17.4
"background",465,465,17.3,1.22,24.1
"background",466,466,14.8,0.55,21.2
"background",467,467,18.7,0.88,12.3
"background",468,468,17.5,1.514,10.6
"background",469,469,18.1,0.848,7.1
"background",470,470,19.3,0.85,7.9
"background",471,471,14.1,0.8,25.1
"background",472,472,14.7,2.249,3.8
"background",473,473,16.1,0.21,4.4
"background",474,474,16.5,2.36,27.1
"background",475,475,14.4,0.24,16.9
"background",476,476,17.4,1.22,25.1
"background",477,477,13,0.24,19.9
"background",478,478,18.7,0.847,10.8
"background",479,479,15.1,3.3,17.4
"background",480,480,17,0.603,8.2
"background",481,481,17.9,1.454,15.5
"background",482,482,11.4,1.94,30.1
"background",483,483,16,1.58,20.4
"background",484,484,15.4,2.224,2.9
"background",485,485,14.8,0.848,26.5
"background",486,486,18.3,1.153,17.3
"background",487,487,16.1,0.29,0.3
"background",488,488,15.4,3.3,11.3
"background",489,489,15.4,3.3,16.9
"background",490,490,14.6,0.34,16.7
"background",491,491,17.7,1.377,12.6
"background",492,492,13.8,0.47,12.6
"background",493,493,17.9,1.496,12.8
"background",494,494,15.8,2.81,25.4
"background",495,495,14.7,0.55,23.2
"background",496,496,13.6,0.23,25.9
"background",497,497,14.7,0.31,11.9
"background",498,498,18.8,1.003,15.8
"background",499,499,14.1,0.24,24.4
"background",500,500,17.7,0.999,9.3
"background",501,501,14.9,1.54,30.5
"background",502,502,15.6,3.3,13.7
"background",503,503,15.1,3.3,12.5
"background",504,504,13.5,0.29,15.6
"background",505,505,13.7,0.76,29.1
"background",506,506,14.7,0.31,14.5
