"species","x","y","SegSumT","USRainDays","USSlope"
"species",1,1,18.7,1.153,8.3
"species",2,2,17.2,1.98,21.9
"species",3,3,18.3,0.861,6.7
"species",4,4,17.1,0.62,0.7
"species",5,5,18.5,0.847,11.8
"species",6,6,17,0.911,17.3
"species",7,7,17.5,0.55,0.1
"species",8,8,18.8,1.513,8.5
"species",9,9,16.9,0.35,10.5
"species",10,10,16.1,0.75,5.7
"species",11,11,16.9,0.647,15.4
"species",12,12,18.6,1.153,20.8
"species",13,13,17.3,1.22,19.9
"species",14,14,17.3,2.145,3.9
"species",15,15,18.9,1.445,14.8
"species",16,16,16.1,1.98,0.8
"species",17,17,17,0.39,0.3
"species",18,18,18.9,1.145,3.5
"species",19,19,18.5,0.847,7
"species",20,20,18.4,1.232,9.1
"species",21,21,18.7,1.153,14.5
"species",22,22,18.4,0.864,6.3
"species",23,23,17.9,0.847,20
"species",24,24,18.8,1.153,16.9
"species",25,25,18.1,0.906,11.8
"species",26,26,18.6,0.879,11.4
"species",27,27,14,0.46,8.4
"species",28,28,16.7,1.98,30.8
"species",29,29,18.1,0.847,1.2
"species",30,30,18.9,1.147,3.5
"species",31,31,18.5,1.153,20.7
"species",32,32,18.8,1.514,7.8
"species",33,33,17.6,0.76,8.5
"species",34,34,18.8,1.153,15.3
"species",35,35,18.9,0.847,9.3
"species",36,36,15.4,0.29,6.6
"species",37,37,18.7,0.847,4.4
"species",38,38,18.2,0.847,1.3
"species",39,39,16,2.232,4.9
"species",40,40,15,3.3,14.7
"species",41,41,18.2,1.514,18
"species",42,42,18.3,0.847,13.4
"species",43,43,19,0.847,5
"species",44,44,18.8,1.153,13.4
"species",45,45,19,0.847,10.8
"species",46,46,18.7,1.149,16.2
"species",47,47,17,0.775,17.7
"species",48,48,19.1,0.987,6.8
"species",49,49,19.5,1.151,11
"species",50,50,14.4,0.33,11.4
"species",51,51,17.9,0.874,7.9
"species",52,52,19.1,0.847,6.8
"species",53,53,18.6,1.091,2.9
"species",54,54,16.5,1.83,2.3
"species",55,55,18.9,0.847,13
"species",56,56,17.1,1.98,3.3
"species",57,57,13.8,0.95,19.1
"species",58,58,17,0.882,23.2
"species",59,59,14.9,0.29,12.4
"species",60,60,13.6,0.48,8
"species",61,61,18.4,1.269,4.2
"species",62,62,18.3,0.847,14.2
"species",63,63,18.7,1.153,5.7
"species",64,64,18.4,1.122,9.3
"species",65,65,18.1,1.189,14.4
"species",66,66,18.4,1.514,9.9
"species",67,67,18.9,0.847,5.5
"species",68,68,16.9,0.34,0.1
"species",69,69,17.1,0.966,24.3
"species",70,70,18.7,1.153,10.5
"species",71,71,17.2,0.769,17.3
"species",72,72,18.9,0.847,7.8
"species",73,73,16.3,1.705,6.3
"species",74,74,19,0.854,6.8
"species",75,75,17.2,0.48,13.9
"species",76,76,18.3,1.514,26.3
"species",77,77,18.5,1.059,8.7
"species",78,78,19,0.847,8.8
"species",79,79,18.7,0.847,2.3
"species",80,80,18.7,2.249,12.2
"species",81,81,18.7,0.76,2
"species",82,82,18.4,1.205,9.7
"species",83,83,16.8,0.55,16
"species",84,84,16.9,0.912,15
"species",85,85,18.7,1.153,16
"species",86,86,16.6,0.72,21.5
"species",87,87,18.5,1.514,20.1
"species",88,88,17.2,0.48,14
"species",89,89,18.3,1.161,6.8
"species",90,90,18,1.374,12.2
"species",91,91,18.1,1.425,13.8
"species",92,92,17.1,0.55,15
"species",93,93,16,0.841,25.3
"species",94,94,18.8,0.847,7.8
"species",95,95,18.7,0.847,7.3
"species",96,96,17.8,0.805,17.7
"species",97,97,16.5,0.822,24.5
"species",98,98,18,0.85,14.9
"species",99,99,18.5,0.887,4.8
"species",100,100,17.4,0.55,16.4
"species",101,101,18.7,1.153,14.9
"species",102,102,18.1,0.847,7.8
"species",103,103,16.9,1.98,11.4
"species",104,104,18.9,0.847,3.8
"species",105,105,17.5,1.362,18.1
"species",106,106,17.6,0.55,0.1
"species",107,107,18.9,0.847,4.3
"species",108,108,18.5,1.183,19.1
"species",109,109,16.9,1.98,9.8
"species",110,110,18.1,0.847,1.2
"species",111,111,17.9,1.45,19.5
"species",112,112,16.1,1.98,1.2
"species",113,113,16.4,0.49,0.9
"species",114,114,16.7,2.249,12.3
"species",115,115,16.1,0.35,0.5
"species",116,116,18.5,0.844,10.1
"species",117,117,17,0.913,17.8
"species",118,118,19,0.943,10.9
"species",119,119,18.8,0.847,8.5
"species",120,120,19.5,1.153,11.5
"species",121,121,15.1,0.29,6.6
"species",122,122,18.4,0.847,4.6
"species",123,123,17,0.913,17.8
"species",124,124,18.2,1.288,9.2
"species",125,125,19.4,1.153,8
"species",126,126,18.4,1.07,8.8
"species",127,127,16.8,0.34,0.2
"species",128,128,16.9,0.847,16.8
"species",129,129,18.5,1.059,8.7
"species",130,130,18.9,0.847,3.1
