"species","x","y","SegSumT","USRainDays","USSlope"
"background",1,1,18.3,0.847,0.4
"background",2,2,15.1,3.3,25.7
"background",3,3,12.7,0.43,9.6
"background",4,4,18.1,1.153,4.9
"background",5,5,14.9,2.249,3.9
"background",6,6,13.1,0.29,9.8
"background",7,7,15.9,0.21,0.9
"background",8,8,15.7,3.3,2.7
"background",9,9,16.6,0.86,19
"background",10,10,12.8,0.36,23.6
"background",11,11,13,0.24,18.9
"background",12,12,19.1,0.847,0
"background",13,13,13.8,0.41,13.6
"background",14,14,17.2,0.974,7.5
"background",15,15,18.8,1.504,19.3
"background",16,16,16.5,1.98,27.4
"background",17,17,16.5,0.956,23.9
"background",18,18,13.1,0.32,20.9
"background",19,19,12.8,0.33,11.5
"background",20,20,16.3,3.27,20.1
"background",21,21,16.6,2.249,2.5
"background",22,22,15.4,3.3,14.3
"background",23,23,15,1.94,27.4
"background",24,24,18.5,0.847,6
"background",25,25,14.9,2.249,3.9
"background",26,26,15.3,0.79,24.7
"background",27,27,17,0.37,0.1
"background",28,28,18.8,1.512,9.3
"background",29,29,17.8,1.396,19.1
"background",30,30,16.7,1.22,29.5
"background",31,31,16,3.3,24.4
"background",32,32,14.7,0.28,11.4
"background",33,33,16.9,0.37,0.3
"background",34,34,12.8,0.24,10.6
"background",35,35,16.9,1.21,28.4
"background",36,36,16.8,0.69,19.9
"background",37,37,17.8,1.153,24.9
"background",38,38,13.6,0.29,6.4
"background",39,39,15.8,3.3,7.1
"background",40,40,14.3,1.4,29.1
"background",41,41,16.7,0.21,16.1
"background",42,42,18.6,1.153,14.1
"background",43,43,11.9,0.59,15.9
"background",44,44,17.1,0.846,15.1
"background",45,45,15.4,2.249,6.8
"background",46,46,15.7,3.3,13.3
"background",47,47,13.2,0.7,15.8
"background",48,48,14.7,0.21,19
"background",49,49,17.2,0.67,20.8
"background",50,50,15.7,3.26,31.6
"background",51,51,15,0.21,24.4
"background",52,52,14.3,0.23,14.6
"background",53,53,16.9,0.37,0.3
"background",54,54,15,3.3,2.2
"background",55,55,19.4,1.153,8
"background",56,56,17,1.153,11.4
"background",57,57,15.6,3.3,11.1
"background",58,58,15.3,3.3,12.5
"background",59,59,15,0.53,20.2
"background",60,60,17.4,0.35,21.1
"background",61,61,16.3,0.762,12
"background",62,62,16.5,1.153,8.1
"background",63,63,12.3,0.29,6.4
"background",64,64,18,0.847,17.3
"background",65,65,15.4,3.3,14.9
"background",66,66,14.3,0.29,12.3
"background",67,67,15,2.57,18
"background",68,68,16.5,1.98,9.4
"background",69,69,13.5,0.8,24.9
"background",70,70,13.6,0.21,13.1
"background",71,71,18.9,0.847,9.4
"background",72,72,15.9,1.143,24.4
"background",73,73,13.8,1.029,12.8
"background",74,74,13.5,0.65,21
"background",75,75,14.2,1.1,27.2
"background",76,76,15.2,3.3,3.8
"background",77,77,17.2,0.985,10.6
"background",78,78,16.9,1.465,1.2
"background",79,79,17.1,0.848,16.5
"background",80,80,18.3,0.881,7.7
"background",81,81,16,3.16,18.1
"background",82,82,18.8,1.153,14.2
"background",83,83,16.6,1.98,17.3
"background",84,84,14.1,1.11,19.5
"background",85,85,17.1,1.22,30.1
"background",86,86,15.4,3.3,7.1
"background",87,87,13.2,0.29,12.8
"background",88,88,15.6,3.3,13.1
"background",89,89,15,3.3,26
"background",90,90,17,0.849,13
"background",91,91,16.7,1.98,17.8
"background",92,92,17.2,1.98,16.6
"background",93,93,18,0.907,14.1
"background",94,94,18.6,0.994,9.2
"background",95,95,12.1,0.29,12.5
"background",96,96,15.1,1.22,16
"background",97,97,16.9,0.87,22.3
"background",98,98,18.2,1.206,13.9
"background",99,99,11.7,0.21,14.4
"background",100,100,15.2,0.33,3.6
"background",101,101,14.5,1.75,13.1
"background",102,102,16,0.34,13.1
"background",103,103,17,1.98,23
"background",104,104,19.1,0.996,6.9
"background",105,105,15,0.37,0.3
"background",106,106,15.9,3.3,11.1
"background",107,107,18.4,0.847,9.3
"background",108,108,18.3,0.847,9.7
"background",109,109,15,0.36,23.5
"background",110,110,14.6,1.23,20.4
"background",111,111,17.1,0.21,20.7
"background",112,112,17.5,1.03,28.4
"background",113,113,13.8,0.21,15.5
"background",114,114,16.2,2.249,8.1
"background",115,115,16.5,1.153,14.8
"background",116,116,18.7,0.872,18
"background",117,117,15.1,0.8,22.3
"background",118,118,18.2,0.894,1.1
"background",119,119,17.4,1.461,8.3
"background",120,120,18.6,0.847,9.2
"background",121,121,16.5,0.52,17.3
"background",122,122,12.4,0.29,8.4
"background",123,123,18.1,0.858,3
"background",124,124,14.6,1.86,2.3
"background",125,125,12.3,0.74,25.2
"background",126,126,18.2,0.847,1
"background",127,127,17.2,2.249,10.9
"background",128,128,12.8,0.29,12.9
"background",129,129,18.7,1.153,18.8
"background",130,130,13.9,0.34,0.3
"background",131,131,13.3,2.65,28.9
"background",132,132,15.9,3.3,6.9
"background",133,133,15.4,2.224,2.9
"background",134,134,14.6,1.127,20.3
"background",135,135,17.1,1.023,3.9
"background",136,136,16,0.991,12.4
"background",137,137,14.2,0.41,6.9
"background",138,138,16.6,0.976,21.3
"background",139,139,13.7,0.31,23.4
"background",140,140,15.4,1.98,24.2
"background",141,141,16.5,0.607,9.9
"background",142,142,15.8,3.3,4.2
"background",143,143,17.2,1.263,8.4
"background",144,144,14.2,0.44,26
"background",145,145,14.8,0.21,1.8
"background",146,146,18.9,1.153,10.1
"background",147,147,15.2,3.3,12
"background",148,148,15.7,1.153,23.8
"background",149,149,13.3,0.29,21.7
"background",150,150,13.5,0.23,17.6
"background",151,151,17.7,0.992,12.1
"background",152,152,17.1,1.053,9.4
"background",153,153,16.3,0.21,10.8
"background",154,154,17.1,1.301,7.4
"background",155,155,14.1,1.11,30.5
"background",156,156,17.6,1.313,19
"background",157,157,18,1.514,7.5
"background",158,158,13.9,1.98,10.7
"background",159,159,18.2,1.141,21.1
"background",160,160,18.5,1.514,9.4
"background",161,161,12,0.29,12.8
"background",162,162,17.2,1.514,14.9
"background",163,163,15.4,3.3,15.2
"background",164,164,12.9,0.29,6.2
"background",165,165,15.7,1.98,18.1
"background",166,166,15.7,0.21,14.9
"background",167,167,14.1,1.06,30.7
"background",168,168,16.9,1.22,20.6
"background",169,169,17.1,1.1,22
"background",170,170,15.6,1.87,23.1
"background",171,171,18.8,1.147,19.5
"background",172,172,15.1,2.249,4.2
"background",173,173,14,0.29,10.1
"background",174,174,16.9,1.22,26.5
"background",175,175,15.4,3.3,21.8
"background",176,176,13,1.98,11
"background",177,177,17.1,1.04,27.6
"background",178,178,16.4,0.866,19.7
"background",179,179,15.2,0.834,8.7
"background",180,180,17.5,0.761,2.8
"background",181,181,17.2,1.22,19.8
"background",182,182,15.8,0.21,11.3
"background",183,183,15.6,0.882,24.7
"background",184,184,18.1,1.514,13.6
"background",185,185,15.7,3.3,27.9
"background",186,186,17.6,0.584,14.5
"background",187,187,18.9,1.72,29.2
"background",188,188,18.9,0.959,5.9
"background",189,189,16.6,0.21,11.9
"background",190,190,13.5,0.29,8
"background",191,191,14.4,1.3,20.8
"background",192,192,17.4,1.751,12.7
"background",193,193,14.3,0.29,22.8
"background",194,194,14,0.61,28.1
"background",195,195,14.1,1.61,26.8
"background",196,196,17.9,1.875,10.8
"background",197,197,19.6,1.153,13.7
"background",198,198,16.1,0.21,17.4
"background",199,199,15.3,3.3,15.3
"background",200,200,12,0.29,16.5
"background",201,201,14,2.4,14.3
"background",202,202,13.5,0.21,18
"background",203,203,17.7,1.509,13
"background",204,204,18.1,1.514,12.1
"background",205,205,18.6,1.514,23.3
"background",206,206,15.9,0.96,27.4
"background",207,207,15.5,0.33,13.6
"background",208,208,10.7,0.33,8.4
"background",209,209,16.9,1.514,16.9
"background",210,210,14.1,0.33,12.8
"background",211,211,16.1,0.24,7.8
"background",212,212,15.9,0.861,21.5
"background",213,213,18.7,1.514,12.9
"background",214,214,14,0.77,25.8
"background",215,215,14.2,0.34,5.3
"background",216,216,15.6,3.3,2.5
"background",217,217,17.2,1.505,13.2
"background",218,218,14,0.41,8.2
"background",219,219,15.7,1.041,14
"background",220,220,14,0.21,22.1
"background",221,221,15.6,3.3,10.7
"background",222,222,16.5,1.22,17.3
"background",223,223,13.8,0.23,23.4
"background",224,224,15.7,3.3,0.6
"background",225,225,18.7,0.986,15.5
"background",226,226,18,0.934,9.8
"background",227,227,18.9,0.847,9.5
"background",228,228,17,1.22,19.5
"background",229,229,12.5,0.21,4.5
"background",230,230,13.6,0.64,3.8
"background",231,231,16.3,1.2,26.4
"background",232,232,16,2.243,1.3
"background",233,233,12.5,0.83,18.4
"background",234,234,16.9,0.846,17.3
"background",235,235,15.1,0.34,18
"background",236,236,17.4,1.22,21.7
"background",237,237,18.5,1.067,12.4
"background",238,238,15.1,0.3,11.2
"background",239,239,14,0.29,6.7
"background",240,240,16.2,0.55,23.8
"background",241,241,18.2,1.226,6
"background",242,242,15.3,3.3,30.2
"background",243,243,15.9,3.3,11.6
"background",244,244,18.9,0.887,9.8
"background",245,245,18.9,0.893,10.4
"background",246,246,10.1,0.29,7.1
"background",247,247,16.7,1.98,10.8
"background",248,248,14.9,0.34,11.6
"background",249,249,16.4,0.957,23.1
"background",250,250,16.4,0.76,5.4
"background",251,251,16.2,0.28,22.2
"background",252,252,16,1.153,6.8
"background",253,253,18.1,1.009,12.1
"background",254,254,16.4,0.866,22.6
"background",255,255,15.9,0.34,13.1
"background",256,256,15.6,3.3,27.6
"background",257,257,13.7,0.52,18.2
"background",258,258,15.6,0.76,23.3
"background",259,259,14.2,0.32,11
"background",260,260,18.9,0.887,9.8
"background",261,261,18,1.039,10.2
"background",262,262,16.9,0.55,25.6
"background",263,263,15.5,0.29,13.3
"background",264,264,18.3,1.514,18.1
"background",265,265,14,1.98,29
"background",266,266,12.9,1.39,28
"background",267,267,15,1.22,19.8
"background",268,268,16.9,0.976,12.8
"background",269,269,14.4,0.29,10.1
"background",270,270,17.5,1.191,11.7
"background",271,271,13.9,0.97,18.6
"background",272,272,16.4,1.514,24.6
"background",273,273,14.7,1.47,1.5
"background",274,274,18.4,1.514,15
"background",275,275,16.6,0.976,19.8
"background",276,276,14,0.35,6.4
"background",277,277,14.9,1.98,29
"background",278,278,18.2,0.85,17.6
"background",279,279,15.7,2.81,28.4
"background",280,280,13.5,1.98,18.2
"background",281,281,19,0.847,5
"background",282,282,15.7,3.3,6.4
"background",283,283,18.6,0.847,11.2
"background",284,284,18.9,0.893,9.7
"background",285,285,18.8,0.847,7.3
"background",286,286,19.6,1.153,10.2
"background",287,287,18.5,1.357,17.7
"background",288,288,16.2,0.56,27.2
"background",289,289,17.4,1.079,11.8
"background",290,290,15,2.07,16.6
"background",291,291,15.1,2.33,19.4
"background",292,292,18,0.847,11.2
"background",293,293,18.6,0.847,2.2
"background",294,294,16,0.21,10.8
"background",295,295,15.5,1.1,3.6
"background",296,296,13,1.98,10.8
"background",297,297,15.2,3.3,11.7
"background",298,298,13.6,2.7,31
"background",299,299,18.6,2.135,5.3
"background",300,300,16.6,1.22,26.6
"background",301,301,19.3,1.071,11
"background",302,302,13.8,2.93,30.9
"background",303,303,17.3,0.929,25.6
"background",304,304,16.3,1.153,20.2
"background",305,305,15.4,3.3,28.6
"background",306,306,16.9,1.22,21.6
"background",307,307,13.7,0.31,18.9
"background",308,308,18.3,1.514,20.7
"background",309,309,13.8,0.41,11.2
"background",310,310,19.5,1.153,5.6
"background",311,311,18.1,1.193,14.1
"background",312,312,12.8,0.29,12.9
"background",313,313,16.9,0.673,0.5
"background",314,314,15.4,0.22,23.9
"background",315,315,18.4,0.847,13.1
"background",316,316,17.4,1.22,22.6
"background",317,317,18.2,1.153,24.4
"background",318,318,14.1,0.21,17.2
"background",319,319,19.3,1.153,20.1
"background",320,320,18.9,0.893,9.7
"background",321,321,18.4,1.514,9.9
"background",322,322,19.1,0.847,6.7
"background",323,323,14.1,0.29,23.8
"background",324,324,15,2.07,16.6
"background",325,325,13.8,0.79,26.4
"background",326,326,12.3,0.8,26.1
"background",327,327,18.3,1.514,21.1
"background",328,328,19.2,1.153,12
"background",329,329,16.4,1.22,24.8
"background",330,330,15.7,0.21,20.1
"background",331,331,15.5,0.886,12.2
"background",332,332,18.7,0.995,13.7
"background",333,333,16.5,0.64,16.8
"background",334,334,18.5,1.457,19.4
"background",335,335,17.7,1.514,15.7
"background",336,336,16.7,1.98,22
"background",337,337,13.6,0.64,20.7
"background",338,338,15.7,0.21,18.5
"background",339,339,16.4,1.424,15.5
"background",340,340,15.7,1.22,26.7
"background",341,341,13.7,0.21,22
"background",342,342,15.9,0.29,20.6
"background",343,343,12.1,0.29,7
"background",344,344,18.7,1.153,14
"background",345,345,15.3,1.94,22.8
"background",346,346,15.5,3.3,32.7
"background",347,347,16.9,1.514,24.7
"background",348,348,13.3,0.29,17.9
"background",349,349,16.6,1.98,22.3
"background",350,350,15.4,0.881,22.9
"background",351,351,18.7,0.85,4.2
"background",352,352,16.8,1.22,20
"background",353,353,16,3.27,9.8
"background",354,354,16.3,2.249,6.5
"background",355,355,16.9,1.153,11.8
"background",356,356,17.2,2.198,3
"background",357,357,18.2,1.514,15.1
"background",358,358,19.4,0.85,11.3
"background",359,359,16,2.249,8.7
"background",360,360,15.9,0.29,4.4
"background",361,361,14.9,0.95,29.7
"background",362,362,15.9,2.84,18.4
"background",363,363,15.2,0.823,22.2
"background",364,364,15.7,1.111,22.9
"background",365,365,16.5,1.153,12.6
"background",366,366,14.1,1.97,28.8
"background",367,367,18.5,1.473,15.2
"background",368,368,16.8,0.21,10.1
"background",369,369,17.6,1.567,29.7
"background",370,370,16.5,0.27,22.6
"background",371,371,18.1,1.274,24.6
"background",372,372,14.9,3.3,16.8
"background",373,373,12.5,0.3,8
"background",374,374,15.1,0.34,23.6
"background",375,375,14.8,2.249,18.1
"background",376,376,18.4,0.864,6.3
"background",377,377,19,0.847,8.4
"background",378,378,11.9,0.29,8.1
"background",379,379,14.9,2.247,11.8
"background",380,380,14.3,0.35,10.2
"background",381,381,18.1,1.217,14.8
"background",382,382,17.3,1.98,24.3
"background",383,383,15.6,3.25,14.6
"background",384,384,14.9,2.249,3.9
"background",385,385,15.7,3.3,15.3
"background",386,386,15.2,3.3,11.8
"background",387,387,18.8,1.153,8.1
"background",388,388,15.6,3.3,13.1
"background",389,389,11.2,0.26,15.7
"background",390,390,16.7,1.85,28.6
"background",391,391,16.6,1.82,28.7
"background",392,392,17,0.65,31.1
"background",393,393,15.1,2.08,28.1
"background",394,394,18.9,1.153,18.4
"background",395,395,16.1,1.153,24.4
"background",396,396,15.4,3.3,14.3
"background",397,397,12.8,0.29,4.8
"background",398,398,18.7,2.249,15.3
"background",399,399,15.7,3.19,18.1
"background",400,400,15.6,0.859,27.4
"background",401,401,16,0.55,20.6
"background",402,402,18.4,1.514,18.7
"background",403,403,16.5,1.27,23.1
"background",404,404,18.2,1.514,18.9
"background",405,405,14.5,2.59,32.6
"background",406,406,15.7,1.04,27.1
"background",407,407,18.9,0.893,10.4
"background",408,408,16.2,2.36,27.1
"background",409,409,16.5,1.22,22.4
"background",410,410,15.9,0.881,22.4
"background",411,411,18.6,2.249,18.7
"background",412,412,18.6,0.847,1.8
"background",413,413,15.1,0.29,8.9
"background",414,414,17.9,1.027,14
"background",415,415,18.8,1.514,8.3
"background",416,416,17.4,1.514,3.4
"background",417,417,14.2,0.29,21.3
"background",418,418,15.5,0.64,22.2
"background",419,419,15.9,1.153,26.2
"background",420,420,17.6,1.159,13.5
"background",421,421,17.2,1.22,22.1
"background",422,422,18.9,0.887,9.8
"background",423,423,15.7,2.76,14.3
"background",424,424,18.2,1.153,14.3
"background",425,425,16,0.34,13.1
"background",426,426,17.8,0.847,18.1
"background",427,427,15.3,3.3,15.6
"background",428,428,14.8,2.09,28.2
"background",429,429,18.6,1.153,5
"background",430,430,17.2,1.22,20
"background",431,431,15.4,3.3,10.9
"background",432,432,14.2,1.84,24.6
"background",433,433,15,3.3,23.2
"background",434,434,15.4,3.3,14.4
"background",435,435,15.9,2.59,18.7
"background",436,436,18,0.601,19.5
"background",437,437,16.3,0.21,15.8
"background",438,438,14.8,0.49,12.8
"background",439,439,16.5,0.6,5.2
"background",440,440,18.4,0.902,13.2
"background",441,441,15.2,1.99,29.7
"background",442,442,18.3,2.177,14.1
"background",443,443,17,1.98,18.3
"background",444,444,15.5,2.249,2.6
"background",445,445,18.8,1.514,3.9
"background",446,446,16.8,0.21,18.1
"background",447,447,16.7,1.98,30.8
"background",448,448,15.1,0.35,13.9
"background",449,449,19.3,1.153,14.3
"background",450,450,17.9,1.187,14
"background",451,451,17.2,0.875,20.7
"background",452,452,17.3,1.037,13.5
"background",453,453,15.6,0.21,19.5
"background",454,454,15.8,0.787,25.3
"background",455,455,17.2,0.847,7.8
"background",456,456,14,2.04,29
"background",457,457,17.2,1.22,23.4
"background",458,458,17.5,1.688,22.5
"background",459,459,15.3,0.34,11.1
"background",460,460,15.3,0.34,23
"background",461,461,14.3,1.17,20.3
"background",462,462,16.2,0.56,27.2
"background",463,463,16.2,0.976,21.7
"background",464,464,13,1.98,8.5
"background",465,465,13.2,0.3,6.4
"background",466,466,16.2,1.149,16.4
"background",467,467,18.6,1.153,14.9
"background",468,468,12.1,0.21,4.6
"background",469,469,15.4,0.49,10.8
"background",470,470,15.9,0.911,17.4
"background",471,471,16.1,0.29,1.9
"background",472,472,17.3,1.22,24.1
"background",473,473,14.8,0.55,21.2
"background",474,474,17.5,1.514,10.6
"background",475,475,19.3,0.85,7.9
"background",476,476,14.7,2.249,3.8
"background",477,477,17.4,0.584,0.3
"background",478,478,16.1,0.21,4.4
"background",479,479,16.5,2.36,27.1
"background",480,480,13,0.24,19.9
"background",481,481,18.7,0.847,10.8
"background",482,482,15.1,3.3,17.4
"background",483,483,17,0.603,8.2
"background",484,484,17.3,2.249,4.3
"background",485,485,17.9,1.454,15.5
"background",486,486,11.4,1.94,30.1
"background",487,487,14.5,0.29,8.4
"background",488,488,16,1.58,20.4
"background",489,489,16.7,0.976,23.7
"background",490,490,15.4,2.224,2.9
"background",491,491,14.8,0.848,26.5
"background",492,492,18.3,1.153,17.3
"background",493,493,12.8,0.29,11.4
"background",494,494,16.5,0.888,11.3
"background",495,495,15.1,0.34,23.6
"background",496,496,16.1,0.29,0.3
"background",497,497,15.4,3.3,11.3
"background",498,498,15.4,3.3,16.9
"background",499,499,17.5,0.847,12.6
"background",500,500,16,2.84,23.4
"background",501,501,17.7,1.377,12.6
"background",502,502,13.8,0.47,12.6
"background",503,503,17.9,1.496,12.8
"background",504,504,15.8,2.81,25.4
"background",505,505,14.7,0.55,23.2
"background",506,506,14.4,0.29,9.6
"background",507,507,13.6,0.23,25.9
"background",508,508,14.7,0.31,11.9
"background",509,509,18.8,1.003,15.8
"background",510,510,14.1,0.24,24.4
"background",511,511,17,1.22,22.5
"background",512,512,17.7,0.999,9.3
"background",513,513,17,1.153,15.3
"background",514,514,15.6,3.3,13.7
"background",515,515,13.5,0.29,15.6
"background",516,516,14.7,0.31,14.5
