"species","x","y","SegSumT","USRainDays","USSlope"
"species",1,1,17.2,1.98,21.9
"species",2,2,18.3,0.861,6.7
"species",3,3,18.5,0.847,11.8
"species",4,4,18.3,0.862,7.9
"species",5,5,18.2,0.847,20.5
"species",6,6,18.3,0.874,8.6
"species",7,7,19,0.847,3.8
"species",8,8,18.8,1.513,8.5
"species",9,9,16.9,0.35,10.5
"species",10,10,18.7,1.153,8.7
"species",11,11,16.1,0.75,5.7
"species",12,12,16.9,0.647,15.4
"species",13,13,18.6,1.153,20.8
"species",14,14,17.3,1.22,19.9
"species",15,15,16.5,0.976,13.5
"species",16,16,18.9,1.445,14.8
"species",17,17,16.1,1.98,0.8
"species",18,18,19.1,0.847,1.5
"species",19,19,18.2,0.888,1.1
"species",20,20,18.9,1.145,3.5
"species",21,21,19,0.847,5.9
"species",22,22,18.1,1.484,14.9
"species",23,23,18.4,1.232,9.1
"species",24,24,16.2,1.047,15
"species",25,25,19,0.847,2.3
"species",26,26,18.8,1.514,5.1
"species",27,27,17.8,0.926,14.7
"species",28,28,18.6,0.879,11.4
"species",29,29,18.4,1.514,16.7
"species",30,30,14.9,0.29,13.6
"species",31,31,16.7,1.98,30.8
"species",32,32,18.1,0.847,1.2
"species",33,33,18.9,1.147,3.5
"species",34,34,18.5,1.153,20.7
"species",35,35,18.1,0.847,0.8
"species",36,36,17.2,0.939,13.1
"species",37,37,18.8,1.514,7.8
"species",38,38,17.6,1.167,14
"species",39,39,14.7,0.33,2.5
"species",40,40,18.9,0.847,9.3
"species",41,41,18.3,0.876,9.4
"species",42,42,17.1,0.48,14
"species",43,43,18.7,0.847,4.4
"species",44,44,19,1.199,13.8
"species",45,45,16,2.232,4.9
"species",46,46,15,3.3,14.7
"species",47,47,17.9,0.847,20
"species",48,48,18.2,1.514,18
"species",49,49,18.3,0.847,13.4
"species",50,50,19,0.847,5
"species",51,51,18.3,0.847,9.7
"species",52,52,17.6,2.117,3.8
"species",53,53,19,0.847,10.8
"species",54,54,18.3,0.863,8.3
"species",55,55,18.7,1.149,16.2
"species",56,56,17,0.775,17.7
"species",57,57,19.1,0.987,6.8
"species",58,58,17.9,0.874,7.9
"species",59,59,17.1,0.5,15.9
"species",60,60,19.1,0.847,6.8
"species",61,61,16.5,1.83,2.3
"species",62,62,16.3,0.964,16.3
"species",63,63,18.9,0.847,13
"species",64,64,17.1,1.98,3.3
"species",65,65,17,0.882,23.2
"species",66,66,14.9,0.29,12.4
"species",67,67,18.1,0.882,15.9
"species",68,68,17.6,0.803,12.8
"species",69,69,18.3,0.847,14.2
"species",70,70,18.7,1.153,5.7
"species",71,71,18.1,1.189,14.4
"species",72,72,18.5,0.887,4.9
"species",73,73,18.9,0.847,5.5
"species",74,74,16.9,0.34,0.1
"species",75,75,17.1,0.966,24.3
"species",76,76,18.7,1.153,10.5
"species",77,77,17.2,0.769,17.3
"species",78,78,18.9,0.847,7.8
"species",79,79,16.3,1.705,6.3
"species",80,80,19,0.854,6.8
"species",81,81,17.9,1.381,12.5
"species",82,82,17.7,1.435,8.3
"species",83,83,18.3,1.514,26.3
"species",84,84,18.5,1.059,8.7
"species",85,85,19,0.847,8.8
"species",86,86,18.7,0.847,2.3
"species",87,87,18.7,0.76,2
"species",88,88,18.4,1.205,9.7
"species",89,89,16.9,0.912,15
"species",90,90,17.2,0.48,14
"species",91,91,18.7,1.153,16
"species",92,92,16.6,0.72,21.5
"species",93,93,18.5,1.514,20.1
"species",94,94,17.2,0.48,14
"species",95,95,18.3,1.161,6.8
"species",96,96,18,1.374,12.2
"species",97,97,18.1,1.425,13.8
"species",98,98,17.1,0.55,15
"species",99,99,16,0.841,25.3
"species",100,100,17.8,0.805,17.7
"species",101,101,16.5,0.822,24.5
"species",102,102,19.6,1.153,8.9
"species",103,103,18,0.85,14.9
"species",104,104,18.7,0.847,2
"species",105,105,17.3,0.929,25.6
"species",106,106,16.9,1.98,11.4
"species",107,107,18.9,0.847,3.8
"species",108,108,19,1.045,18.7
"species",109,109,17.5,1.362,18.1
"species",110,110,18.9,0.847,4.3
"species",111,111,18,1.374,12.2
"species",112,112,18.4,1.221,8.3
"species",113,113,18.5,1.183,19.1
"species",114,114,16.9,1.98,9.8
"species",115,115,17.9,1.45,19.5
"species",116,116,16.4,0.49,0.9
"species",117,117,18.7,1.045,17.5
"species",118,118,18.5,0.844,10.1
"species",119,119,19,0.943,10.9
"species",120,120,18.8,0.847,8.5
"species",121,121,18.7,0.847,4.2
"species",122,122,18.5,0.837,7.1
"species",123,123,19.5,1.153,11.5
"species",124,124,15.1,0.29,6.6
"species",125,125,18.4,0.847,4.6
"species",126,126,17.1,0.48,14
"species",127,127,17,0.975,22.6
"species",128,128,19.4,1.153,8
"species",129,129,16.9,0.847,16.8
"species",130,130,18.5,1.059,8.7
"species",131,131,15.7,0.3,1.8
