"species","x","y","SegSumT","USRainDays","USSlope"
"background",1,1,16,2.47,9.8
"background",2,2,18.3,0.847,0.4
"background",3,3,16.7,0.21,0.4
"background",4,4,12.7,0.43,9.6
"background",5,5,18.1,1.153,4.9
"background",6,6,18.9,0.887,9.8
"background",7,7,13.4,0.77,20.1
"background",8,8,17,1.98,10.5
"background",9,9,15.7,3.3,2.7
"background",10,10,14.7,0.31,15.2
"background",11,11,15.7,2.78,26.6
"background",12,12,14.6,0.34,16.7
"background",13,13,16.7,1.101,12.3
"background",14,14,16.4,0.21,25.5
"background",15,15,14.3,0.54,26.9
"background",16,16,12.8,0.36,23.6
"background",17,17,15.2,1.082,7.6
"background",18,18,19.1,0.847,0
"background",19,19,13.2,0.21,23.2
"background",20,20,13.8,0.41,13.6
"background",21,21,17.2,0.974,7.5
"background",22,22,18.8,1.504,19.3
"background",23,23,17.2,1.3,11.5
"background",24,24,13.1,0.32,20.9
"background",25,25,12.8,0.33,11.5
"background",26,26,16.3,3.27,20.1
"background",27,27,16.4,0.21,21.3
"background",28,28,17.8,1.396,19.1
"background",29,29,17.1,1.22,23.9
"background",30,30,14.5,1.062,2.4
"background",31,31,16,3.3,24.4
"background",32,32,12.8,0.24,10.6
"background",33,33,17.7,1.22,17.9
"background",34,34,16.8,0.69,19.9
"background",35,35,16.8,0.21,10.1
"background",36,36,17.4,1.22,26.2
"background",37,37,16.2,3.3,3.5
"background",38,38,17.7,0.999,9.3
"background",39,39,14.3,1.022,12.2
"background",40,40,18.6,1.153,14.1
"background",41,41,17.1,0.846,15.1
"background",42,42,15.1,2.249,2.4
"background",43,43,14.4,0.55,23.1
"background",44,44,13.2,0.7,15.8
"background",45,45,19.4,1.074,12.4
"background",46,46,14.7,0.21,19
"background",47,47,15.7,3.26,31.6
"background",48,48,14.3,0.23,14.6
"background",49,49,13.8,0.93,12.8
"background",50,50,16.9,0.37,0.3
"background",51,51,15.9,0.21,15.6
"background",52,52,15.6,0.25,22.6
"background",53,53,17,1.153,11.4
"background",54,54,15.6,3.3,11.1
"background",55,55,15.3,3.3,12.5
"background",56,56,15,0.53,20.2
"background",57,57,15.3,0.21,7.5
"background",58,58,16.3,0.762,12
"background",59,59,17.8,1.112,10.3
"background",60,60,18.4,1.514,17.4
"background",61,61,18,0.847,17.3
"background",62,62,15.4,3.3,14.9
"background",63,63,16.3,1.2,26.4
"background",64,64,14.3,0.29,12.3
"background",65,65,15,2.57,18
"background",66,66,16.5,1.98,9.4
"background",67,67,14.2,0.23,14.3
"background",68,68,13.2,0.87,23.6
"background",69,69,15.3,0.21,22.3
"background",70,70,17.9,1.514,23
"background",71,71,16.2,1,26
"background",72,72,15.6,3.3,27.6
"background",73,73,13.5,0.8,24.9
"background",74,74,13.6,0.21,13.1
"background",75,75,18.9,0.847,9.4
"background",76,76,15.9,1.143,24.4
"background",77,77,17.3,1.98,30.4
"background",78,78,13.8,1.029,12.8
"background",79,79,14.2,1.1,27.2
"background",80,80,15.2,3.3,3.8
"background",81,81,13.4,0.65,18.6
"background",82,82,17.2,0.985,10.6
"background",83,83,16.9,1.465,1.2
"background",84,84,17.1,0.848,16.5
"background",85,85,15.3,0.28,21.7
"background",86,86,18.8,1.153,14.2
"background",87,87,18.5,1.256,22.8
"background",88,88,16.2,2.191,9.4
"background",89,89,16.6,1.98,17.3
"background",90,90,17.1,1.22,30.1
"background",91,91,15.4,3.3,7.1
"background",92,92,18.4,1.153,15.5
"background",93,93,16.5,0.867,15.2
"background",94,94,15,3.3,26
"background",95,95,15.7,3.3,8.5
"background",96,96,16.7,1.98,17.8
"background",97,97,15.6,0.54,28.7
"background",98,98,17.1,1.22,23.4
"background",99,99,18,0.907,14.1
"background",100,100,18.6,0.994,9.2
"background",101,101,17.8,1.35,9.5
"background",102,102,15.1,1.22,16
"background",103,103,16.9,0.87,22.3
"background",104,104,18.2,1.206,13.9
"background",105,105,17.2,1.153,13.6
"background",106,106,15.2,3.3,11.8
"background",107,107,16,0.34,13.1
"background",108,108,13.4,0.21,5.6
"background",109,109,17,1.98,23
"background",110,110,15,0.37,0.3
"background",111,111,15.9,3.3,11.1
"background",112,112,15.2,3.3,12.5
"background",113,113,18,1.257,6.9
"background",114,114,18.1,0.878,7.9
"background",115,115,14.6,1.23,20.4
"background",116,116,18.4,2.166,13.9
"background",117,117,15.7,1.98,30.1
"background",118,118,15.7,3.3,14.6
"background",119,119,17.1,0.21,20.7
"background",120,120,17.5,1.03,28.4
"background",121,121,14.1,1.34,26.1
"background",122,122,16.2,2.249,8.1
"background",123,123,18.6,1.321,13.9
"background",124,124,16.5,1.153,14.8
"background",125,125,18.7,0.872,18
"background",126,126,16.9,0.55,26.6
"background",127,127,17.2,1.23,13.9
"background",128,128,14.2,0.38,21.2
"background",129,129,18.2,0.894,1.1
"background",130,130,13,0.32,22.1
"background",131,131,17.4,1.461,8.3
"background",132,132,18.6,0.847,9.2
"background",133,133,16.5,0.52,17.3
"background",134,134,12.4,0.29,8.4
"background",135,135,17.9,1.513,19.4
"background",136,136,17,1.975,2.1
"background",137,137,16.2,2.36,27.1
"background",138,138,15.8,3.03,7.2
"background",139,139,18.2,0.847,1
"background",140,140,18.2,0.897,0.3
"background",141,141,18.7,1.153,18.8
"background",142,142,15.9,0.34,13.1
"background",143,143,13.3,2.65,28.9
"background",144,144,15.4,2.224,2.9
"background",145,145,15.4,0.34,13.7
"background",146,146,15.7,3.3,14.1
"background",147,147,16.1,1.98,13.3
"background",148,148,14.6,1.127,20.3
"background",149,149,17.1,1.023,3.9
"background",150,150,14.2,0.41,6.9
"background",151,151,16.6,0.976,21.3
"background",152,152,13.7,0.31,23.4
"background",153,153,15.4,1.98,24.2
"background",154,154,17.2,1.263,8.4
"background",155,155,16.2,0.21,18.2
"background",156,156,14.2,0.44,26
"background",157,157,14.8,0.21,1.8
"background",158,158,15.4,0.77,25.1
"background",159,159,15.7,1.153,23.8
"background",160,160,13.3,0.29,21.7
"background",161,161,16.4,2.144,2.5
"background",162,162,17.7,0.992,12.1
"background",163,163,17.1,1.053,9.4
"background",164,164,16.4,0.21,5.1
"background",165,165,16.3,0.21,10.8
"background",166,166,14.1,1.11,30.5
"background",167,167,17.6,1.313,19
"background",168,168,19,0.847,8.4
"background",169,169,17,0.39,0.2
"background",170,170,13.9,1.98,10.7
"background",171,171,15.9,3.3,11.1
"background",172,172,16,0.3,0.9
"background",173,173,15.2,0.25,13.3
"background",174,174,18.5,1.514,9.4
"background",175,175,12,0.29,12.8
"background",176,176,13.7,0.41,2.8
"background",177,177,17.2,1.514,14.9
"background",178,178,16.9,0.771,10.6
"background",179,179,18.9,1.047,16
"background",180,180,15.4,3.3,15.2
"background",181,181,15.7,0.21,14.9
"background",182,182,18.4,1.153,17.5
"background",183,183,12.7,0.26,17.2
"background",184,184,16.9,1.22,20.6
"background",185,185,12.9,0.36,8.3
"background",186,186,16.5,1.153,27.8
"background",187,187,15.2,2.249,4.3
"background",188,188,18.4,1.514,14.1
"background",189,189,14.6,0.21,15.8
"background",190,190,16.8,1.98,20.1
"background",191,191,18.1,1.464,8.3
"background",192,192,18.8,1.147,19.5
"background",193,193,15.1,2.249,4.2
"background",194,194,15.4,3.3,21.8
"background",195,195,13.8,0.8,23
"background",196,196,17,0.42,2.3
"background",197,197,13,1.98,11
"background",198,198,17.1,1.04,27.6
"background",199,199,18.3,0.847,13.4
"background",200,200,16.4,0.866,19.7
"background",201,201,15.2,0.834,8.7
"background",202,202,15.8,0.21,11.3
"background",203,203,15.5,0.29,22.3
"background",204,204,15.7,3.3,27.9
"background",205,205,18.9,1.72,29.2
"background",206,206,18.9,0.959,5.9
"background",207,207,14.1,1.58,25.6
"background",208,208,13.5,0.29,8
"background",209,209,17.4,1.751,12.7
"background",210,210,15.8,0.21,16
"background",211,211,14,0.61,28.1
"background",212,212,14.2,0.21,18.3
"background",213,213,18.7,1.514,8.6
"background",214,214,17.9,1.875,10.8
"background",215,215,19.6,1.153,13.7
"background",216,216,16.1,0.55,25.1
"background",217,217,14.6,1.45,30.8
"background",218,218,15.6,3.3,23
"background",219,219,14.5,3.3,31.9
"background",220,220,17.7,1.509,13
"background",221,221,15.7,0.55,13.2
"background",222,222,18.1,1.514,12.1
"background",223,223,18.1,0.847,1.9
"background",224,224,17.2,1.98,21.9
"background",225,225,18.6,1.514,23.3
"background",226,226,15.5,0.33,13.6
"background",227,227,15.4,3.3,3.7
"background",228,228,10.7,0.33,8.4
"background",229,229,16.9,1.953,3.5
"background",230,230,16.9,1.514,16.9
"background",231,231,14.4,0.21,7.7
"background",232,232,18.6,1.072,10.4
"background",233,233,17.8,0.847,8.3
"background",234,234,13.8,0.29,6.9
"background",235,235,15.9,0.861,21.5
"background",236,236,18.7,1.514,12.9
"background",237,237,14.4,0.29,8.8
"background",238,238,14,0.77,25.8
"background",239,239,14,0.41,7.8
"background",240,240,18.2,1.514,17.3
"background",241,241,16,0.21,17.6
"background",242,242,15.6,3.3,2.5
"background",243,243,17.2,1.505,13.2
"background",244,244,18,1.039,10.2
"background",245,245,16.2,0.21,20.5
"background",246,246,18,1.149,15.1
"background",247,247,17.1,1.782,26.1
"background",248,248,19.6,1.153,12.3
"background",249,249,13.8,0.23,23.4
"background",250,250,18.7,0.986,15.5
"background",251,251,16.8,0.21,10.1
"background",252,252,13.6,1.16,30.5
"background",253,253,18,0.934,9.8
"background",254,254,15.7,1.22,17.2
"background",255,255,12.5,0.21,4.5
"background",256,256,15.8,1.22,25.6
"background",257,257,13.6,0.64,3.8
"background",258,258,15.4,3.3,28.5
"background",259,259,16,2.243,1.3
"background",260,260,16.9,0.846,17.3
"background",261,261,15.1,0.34,18
"background",262,262,18.5,1.067,12.4
"background",263,263,16.2,0.55,23.8
"background",264,264,15.3,3.3,30.2
"background",265,265,13.8,0.36,11.8
"background",266,266,18.8,1.321,14
"background",267,267,10.1,0.29,7.1
"background",268,268,15.5,3.3,10.1
"background",269,269,14.9,0.34,11.6
"background",270,270,16.4,0.957,23.1
"background",271,271,16.4,0.76,5.4
"background",272,272,16.2,0.28,22.2
"background",273,273,17.5,0.65,0.1
"background",274,274,15,1.059,9.9
"background",275,275,16,1.153,6.8
"background",276,276,18.3,0.85,1.1
"background",277,277,15.9,0.34,13.1
"background",278,278,14,1.153,24.7
"background",279,279,15.8,3.3,5
"background",280,280,17.3,1.98,17.3
"background",281,281,17,1.22,14.4
"background",282,282,15.6,3.3,27.6
"background",283,283,16.2,2.97,9.3
"background",284,284,16.5,1.98,15.8
"background",285,285,13.7,0.52,18.2
"background",286,286,15.7,0.811,24.3
"background",287,287,17,1.22,32
"background",288,288,18.2,2.206,14.5
"background",289,289,18.9,0.887,9.8
"background",290,290,18.3,1.514,18.1
"background",291,291,17.5,1.505,20.6
"background",292,292,12.9,1.39,28
"background",293,293,13.6,0.3,13.4
"background",294,294,18.6,1.333,16.8
"background",295,295,16.9,0.976,12.8
"background",296,296,15.2,2.68,26.1
"background",297,297,15.6,3.3,14.4
"background",298,298,17.5,1.191,11.7
"background",299,299,15.6,2.236,3.6
"background",300,300,17,1.514,23.4
"background",301,301,17.7,0.584,20.7
"background",302,302,16.4,1.514,24.6
"background",303,303,14.7,1.646,22.4
"background",304,304,18.4,1.514,15
"background",305,305,15.3,2.234,6.7
"background",306,306,19.3,1.153,16
"background",307,307,16.6,0.976,19.8
"background",308,308,14,0.35,6.4
"background",309,309,16.9,0.97,28.5
"background",310,310,14.7,1.19,23.7
"background",311,311,18.9,0.999,4.9
"background",312,312,14.9,1.98,29
"background",313,313,18.2,0.85,17.6
"background",314,314,18.8,1.015,0.1
"background",315,315,15.7,2.81,28.4
"background",316,316,15.4,2.25,10.3
"background",317,317,12.3,0.29,8.5
"background",318,318,13.5,1.98,18.2
"background",319,319,18,0.847,17
"background",320,320,14.7,3.3,16.3
"background",321,321,15.7,3.3,6.4
"background",322,322,15.8,0.22,11.2
"background",323,323,18.6,0.847,11.2
"background",324,324,18.8,0.847,7.3
"background",325,325,19.6,1.153,10.2
"background",326,326,16.2,0.56,27.2
"background",327,327,17.4,1.079,11.8
"background",328,328,15,2.07,16.6
"background",329,329,16.8,1.156,5.1
"background",330,330,17.7,0.847,16.7
"background",331,331,17.9,1.153,12.3
"background",332,332,18,0.847,11.2
"background",333,333,17.1,1.23,13.4
"background",334,334,15.4,0.976,24.6
"background",335,335,16.3,1.98,16.3
"background",336,336,15.8,3.3,16.4
"background",337,337,16.1,3.12,22.2
"background",338,338,13.6,0.29,6.4
"background",339,339,15.2,3.3,11.7
"background",340,340,19.3,1.071,11
"background",341,341,18.7,1.153,14
"background",342,342,15.9,0.29,28.9
"background",343,343,14.1,1.7,27.4
"background",344,344,16.8,1.22,27.6
"background",345,345,16.3,1.153,20.2
"background",346,346,16.9,1.22,21.6
"background",347,347,15.4,3.3,11.3
"background",348,348,13.7,0.31,18.9
"background",349,349,16.4,1.153,9.1
"background",350,350,14.6,0.26,15.3
"background",351,351,18.1,1.193,14.1
"background",352,352,12.8,0.29,12.9
"background",353,353,15.4,0.22,23.9
"background",354,354,18.2,1.153,24.4
"background",355,355,17.4,1.176,15.6
"background",356,356,14.1,0.21,17.2
"background",357,357,15,1.059,9.9
"background",358,358,18.9,0.893,9.7
"background",359,359,15.7,3.3,13.5
"background",360,360,19.1,0.847,6.7
"background",361,361,13.6,1,30.3
"background",362,362,16.9,0.852,28.4
"background",363,363,17.5,1.145,16.7
"background",364,364,18.6,1.153,15.8
"background",365,365,18.1,1.514,28.9
"background",366,366,16.4,1.22,24.8
"background",367,367,15.7,0.21,20.1
"background",368,368,18.7,0.995,13.7
"background",369,369,18.5,1.457,19.4
"background",370,370,16.1,3.26,10.3
"background",371,371,14,1.98,12.6
"background",372,372,15.5,1.87,23.1
"background",373,373,16.7,1.98,22
"background",374,374,13.6,0.64,20.7
"background",375,375,15.7,0.21,18.5
"background",376,376,16.4,1.424,15.5
"background",377,377,13.9,0.21,9.7
"background",378,378,15.9,0.29,20.6
"background",379,379,18.2,1.396,18.3
"background",380,380,16.1,1.966,1.9
"background",381,381,15.3,1.94,22.8
"background",382,382,15.1,0.29,19.5
"background",383,383,16.9,1.514,24.7
"background",384,384,17,1.514,21.9
"background",385,385,16.5,1.207,7.6
"background",386,386,16.6,1.98,22.3
"background",387,387,14.4,0.29,13
"background",388,388,16.9,1.514,21.2
"background",389,389,13.9,0.29,24.9
"background",390,390,16.8,1.22,20
"background",391,391,14,0.45,9.5
"background",392,392,17.1,1.63,24.9
"background",393,393,16,3.27,9.8
"background",394,394,15.9,2.73,20
"background",395,395,16.9,1.153,11.8
"background",396,396,16.1,0.54,15.7
"background",397,397,16,2.249,8.7
"background",398,398,14.9,0.95,29.7
"background",399,399,15.9,2.84,18.4
"background",400,400,15.7,1.111,22.9
"background",401,401,15.2,0.29,8.4
"background",402,402,18.5,1.473,15.2
"background",403,403,16.8,0.21,10.1
"background",404,404,17.6,1.567,29.7
"background",405,405,14,0.29,7.5
"background",406,406,16.1,0.53,17.9
"background",407,407,16.5,0.21,18.2
"background",408,408,16.5,0.27,22.6
"background",409,409,16.3,0.781,8.4
"background",410,410,18.8,1.513,22.8
"background",411,411,11.9,0.29,8.1
"background",412,412,14.3,0.35,10.2
"background",413,413,18.1,1.217,14.8
"background",414,414,17.3,1.98,24.3
"background",415,415,15.4,3.3,21.8
"background",416,416,15.1,0.9,31.4
"background",417,417,15.6,3.25,14.6
"background",418,418,15.6,3.3,11.3
"background",419,419,15.7,3.3,15.3
"background",420,420,15.2,3.3,11.8
"background",421,421,18.6,0.847,4.3
"background",422,422,17.2,1.514,7.4
"background",423,423,15.6,3.3,13.1
"background",424,424,16.8,0.976,18.6
"background",425,425,15.9,0.21,18.3
"background",426,426,15.8,3.3,31.8
"background",427,427,17,0.65,31.1
"background",428,428,15.1,2.08,28.1
"background",429,429,14.8,1.07,11
"background",430,430,18.9,1.153,18.4
"background",431,431,15.4,3.3,14.3
"background",432,432,15.6,3.25,14.6
"background",433,433,18.7,2.249,15.3
"background",434,434,18.3,0.847,9.4
"background",435,435,16,0.55,20.6
"background",436,436,18.5,0.847,9.4
"background",437,437,17.2,0.21,19.5
"background",438,438,14.7,0.38,13.6
"background",439,439,16.5,1.27,23.1
"background",440,440,12.6,0.22,2.4
"background",441,441,18.2,1.514,18.9
"background",442,442,16.5,1.22,22.4
"background",443,443,14.6,3.3,33.5
"background",444,444,15.9,0.881,22.4
"background",445,445,15.1,0.29,8.9
"background",446,446,18.4,1.118,18.4
"background",447,447,17.4,1.514,3.4
"background",448,448,14.9,0.38,10.2
"background",449,449,13.4,0.35,22.7
"background",450,450,17.2,1.22,22.1
"background",451,451,16.3,0.28,1.5
"background",452,452,15.2,1.87,31.1
"background",453,453,15.7,2.76,14.3
"background",454,454,18.2,1.153,14.3
"background",455,455,16,0.34,13.1
"background",456,456,17.8,0.847,18.1
"background",457,457,15.3,3.3,15.6
"background",458,458,15.4,3.3,10.9
"background",459,459,15.8,0.29,0.9
"background",460,460,15.5,2.53,2.6
"background",461,461,14.2,1.84,24.6
"background",462,462,16.3,0.21,15.8
"background",463,463,13.9,0.21,25.5
"background",464,464,18.7,0.847,5.4
"background",465,465,14.3,1.44,29.9
"background",466,466,15.2,3.3,3.8
"background",467,467,16.9,0.54,2
"background",468,468,13.5,0.83,27.2
"background",469,469,15.2,1.99,29.7
"background",470,470,15.5,2.249,2.6
"background",471,471,17.1,1.514,13.8
"background",472,472,17.3,1.514,16.9
"background",473,473,18.2,1.153,9.6
"background",474,474,18.8,1.514,3.9
"background",475,475,18.5,1.514,20.7
"background",476,476,16.3,2.249,6.5
"background",477,477,16.8,0.21,18.1
"background",478,478,16.7,1.98,30.8
"background",479,479,16,2.74,15.8
"background",480,480,19.1,0.847,6.8
"background",481,481,19.3,1.153,14.3
"background",482,482,17.5,1.22,20.6
"background",483,483,15.1,2.249,2.9
"background",484,484,17.9,1.187,14
"background",485,485,17.8,0.723,21.8
"background",486,486,17.3,1.037,13.5
"background",487,487,17.2,0.847,7.8
"background",488,488,17.5,1.215,21.1
"background",489,489,12.7,0.29,9.6
"background",490,490,17,0.65,31.1
"background",491,491,15.3,3.3,14.4
"background",492,492,15.3,0.34,23
"background",493,493,15.9,0.68,11.4
"background",494,494,15.3,0.77,25.4
"background",495,495,16.2,0.56,27.2
"background",496,496,13.6,0.23,17.5
"background",497,497,17,1.153,13.8
"background",498,498,16.2,0.976,21.7
"background",499,499,14.7,0.27,9.7
"background",500,500,16,0.34,13.1
"background",501,501,16.9,1.095,9.5
"background",502,502,13,1.98,8.5
"background",503,503,16.2,0.758,16.3
"background",504,504,13.2,0.3,6.4
"background",505,505,12.1,0.21,4.6
"background",506,506,15.9,0.911,17.4
"background",507,507,18.7,0.88,12.3
"background",508,508,17.5,1.514,10.6
"background",509,509,18.1,0.848,7.1
"background",510,510,14.1,0.8,25.1
"background",511,511,17.4,0.584,0.3
"background",512,512,16.1,0.21,4.4
"background",513,513,14.4,0.24,16.9
"background",514,514,17.4,1.22,25.1
"background",515,515,13,0.24,19.9
"background",516,516,18.7,0.847,10.8
"background",517,517,12.8,0.98,30.9
"background",518,518,17.3,2.249,4.3
"background",519,519,17.9,1.454,15.5
"background",520,520,14.5,1.41,16.6
"background",521,521,16,1.58,20.4
"background",522,522,12.2,0.26,8.7
"background",523,523,16.7,0.976,23.7
"background",524,524,15.4,2.224,2.9
"background",525,525,13.9,0.29,6.9
"background",526,526,12.8,0.29,11.4
"background",527,527,16.5,0.888,11.3
"background",528,528,15.1,0.34,23.6
"background",529,529,16.1,0.29,0.3
"background",530,530,15.4,3.3,11.3
"background",531,531,14.6,0.34,16.7
"background",532,532,13.8,0.47,12.6
"background",533,533,17.9,1.496,12.8
"background",534,534,15.8,2.81,25.4
"background",535,535,16.2,3.3,9
"background",536,536,15.3,3.3,14.9
"background",537,537,14.4,0.29,9.6
"background",538,538,14.7,0.31,11.9
"background",539,539,17,1.22,22.5
"background",540,540,14.9,1.54,30.5
"background",541,541,15.6,3.3,13.7
"background",542,542,15.1,3.3,12.5
"background",543,543,14.9,3.3,26.8
"background",544,544,17.2,2.249,16.9
"background",545,545,18.1,1.514,7.7
"background",546,546,13.7,0.76,29.1
"background",547,547,15.2,0.25,13.3
"background",548,548,18.4,0.847,5.3
"background",549,549,14.7,0.31,14.5
