"species","x","y","SegSumT","USRainDays","USSlope"
"species",1,1,18.7,1.153,8.3
"species",2,2,17.2,1.98,21.9
"species",3,3,18.2,0.847,20.5
"species",4,4,17.1,0.62,0.7
"species",5,5,18.5,0.847,11.8
"species",6,6,18.3,0.862,7.9
"species",7,7,17,0.911,17.3
"species",8,8,17.5,0.55,0.1
"species",9,9,16.2,1.98,0.9
"species",10,10,18.3,0.874,8.6
"species",11,11,16.1,0.75,5.7
"species",12,12,16.9,0.647,15.4
"species",13,13,17.3,1.22,19.9
"species",14,14,17.3,2.145,3.9
"species",15,15,18.9,1.445,14.8
"species",16,16,16.1,1.98,0.8
"species",17,17,17,0.39,0.3
"species",18,18,19.1,0.847,1.5
"species",19,19,18.2,0.888,1.1
"species",20,20,18.9,1.145,3.5
"species",21,21,18.1,1.484,14.9
"species",22,22,18.5,0.847,7
"species",23,23,18.4,1.232,9.1
"species",24,24,18.7,1.153,14.5
"species",25,25,19,0.847,2.3
"species",26,26,18.4,0.864,6.3
"species",27,27,17.9,0.847,20
"species",28,28,18.8,1.514,5.1
"species",29,29,18.8,1.153,16.9
"species",30,30,17.2,1.98,26.6
"species",31,31,18.1,0.906,11.8
"species",32,32,18.6,0.879,11.4
"species",33,33,17,0.638,0.5
"species",34,34,14,0.46,8.4
"species",35,35,17.2,0.48,12
"species",36,36,16.7,1.98,30.8
"species",37,37,18.1,0.847,1.2
"species",38,38,16.2,0.35,0.5
"species",39,39,18.1,0.847,0.8
"species",40,40,17.5,0.584,0.6
"species",41,41,18.8,1.514,7.8
"species",42,42,17.6,0.76,8.5
"species",43,43,18.8,1.153,15.3
"species",44,44,18.9,0.847,9.3
"species",45,45,18.3,0.876,9.4
"species",46,46,15.4,0.29,6.6
"species",47,47,18.7,0.847,4.4
"species",48,48,18.2,0.847,1.3
"species",49,49,16,2.232,4.9
"species",50,50,17.9,0.847,20
"species",51,51,18.3,0.876,9.4
"species",52,52,18.3,0.847,13.4
"species",53,53,19,0.847,5
"species",54,54,18.8,1.153,13.4
"species",55,55,18.3,0.847,9.7
"species",56,56,17.6,2.117,3.8
"species",57,57,18.7,1.149,16.2
"species",58,58,17,0.775,17.7
"species",59,59,19.1,0.987,6.8
"species",60,60,19.5,1.151,11
"species",61,61,14.4,0.33,11.4
"species",62,62,17.9,0.874,7.9
"species",63,63,19.1,0.847,6.8
"species",64,64,18.6,1.091,2.9
"species",65,65,18.3,1.044,9.2
"species",66,66,18.5,1.143,19.4
"species",67,67,17.1,1.98,3.3
"species",68,68,17.4,1.153,15.3
"species",69,69,13.8,0.95,19.1
"species",70,70,17,0.882,23.2
"species",71,71,13.6,0.48,8
"species",72,72,18.1,0.882,15.9
"species",73,73,17.6,0.803,12.8
"species",74,74,18.4,1.269,4.2
"species",75,75,18.4,1.122,9.3
"species",76,76,18.1,1.189,14.4
"species",77,77,18.4,1.514,9.9
"species",78,78,17.2,0.769,17.3
"species",79,79,16.3,1.705,6.3
"species",80,80,19,0.854,6.8
"species",81,81,17.9,1.381,12.5
"species",82,82,18.7,0.847,2
"species",83,83,17.2,0.48,13.9
"species",84,84,18.3,1.514,26.3
"species",85,85,18.5,1.059,8.7
"species",86,86,19,0.847,8.8
"species",87,87,16.8,1.127,3.6
"species",88,88,18.7,2.249,12.2
"species",89,89,18.7,0.76,2
"species",90,90,16.8,0.55,16
"species",91,91,18.7,1.153,16
"species",92,92,19,0.847,7.2
"species",93,93,17,2.215,3.6
"species",94,94,18.5,1.514,20.1
"species",95,95,18.6,0.847,6.7
"species",96,96,18.1,1.425,13.8
"species",97,97,17.1,0.55,15
"species",98,98,16,0.841,25.3
"species",99,99,18.8,1.514,24.6
"species",100,100,18.8,0.847,7.8
"species",101,101,18.7,0.847,7.3
"species",102,102,19.6,1.153,8.9
"species",103,103,18.7,0.847,2
"species",104,104,18.5,0.887,4.8
"species",105,105,17.7,0.584,12.3
"species",106,106,17.6,1.727,1.4
"species",107,107,17.4,0.55,16.4
"species",108,108,18.7,1.153,14.9
"species",109,109,18.1,0.847,7.8
"species",110,110,17.3,0.929,25.6
"species",111,111,18.9,0.847,3.8
"species",112,112,19,1.045,18.7
"species",113,113,18.9,0.847,5.5
"species",114,114,18.4,1.221,8.3
"species",115,115,17.6,0.55,0.1
"species",116,116,16.9,1.98,9.8
"species",117,117,18.1,0.847,1.2
"species",118,118,18.3,1.003,13.7
"species",119,119,16.1,1.98,1.2
"species",120,120,17.1,1.98,12.2
"species",121,121,16.7,2.249,12.3
"species",122,122,16.1,0.35,0.5
"species",123,123,18.5,0.844,10.1
"species",124,124,17,0.913,17.8
"species",125,125,19,0.943,10.9
"species",126,126,18.8,0.847,8.5
"species",127,127,15.1,0.29,6.6
"species",128,128,17.6,1.71,3.1
"species",129,129,17,0.913,17.8
"species",130,130,18.2,1.288,9.2
"species",131,131,17,0.975,22.6
"species",132,132,19.4,1.153,8
"species",133,133,18.4,1.07,8.8
"species",134,134,16.8,0.34,0.2
"species",135,135,18.9,0.847,3.1
"species",136,136,19.6,1.153,12.3
