"species","x","y","SegSumT","USRainDays","USSlope"
"species",1,1,18.2,0.847,20.5
"species",2,2,18.3,0.861,6.7
"species",3,3,17.1,0.62,0.7
"species",4,4,18.5,0.847,11.8
"species",5,5,18.3,0.862,7.9
"species",6,6,17,0.911,17.3
"species",7,7,17.5,0.55,0.1
"species",8,8,16.2,1.98,0.9
"species",9,9,18.2,0.847,20.5
"species",10,10,18.8,1.513,8.5
"species",11,11,16.9,0.35,10.5
"species",12,12,16.9,0.647,15.4
"species",13,13,18.6,1.153,20.8
"species",14,14,17.3,1.22,19.9
"species",15,15,16.5,0.976,13.5
"species",16,16,18.9,1.445,14.8
"species",17,17,16.1,1.98,0.8
"species",18,18,17,0.39,0.3
"species",19,19,18.2,0.888,1.1
"species",20,20,18.9,1.145,3.5
"species",21,21,19,0.847,5.9
"species",22,22,18.1,1.484,14.9
"species",23,23,18.5,0.847,7
"species",24,24,18.4,1.232,9.1
"species",25,25,16.2,1.047,15
"species",26,26,18.7,1.153,14.5
"species",27,27,19,0.847,2.3
"species",28,28,17.9,0.847,20
"species",29,29,18.8,1.514,5.1
"species",30,30,18.8,1.153,16.9
"species",31,31,17.2,1.98,26.6
"species",32,32,17.8,0.926,14.7
"species",33,33,18.1,0.906,11.8
"species",34,34,18.6,0.879,11.4
"species",35,35,17,0.638,0.5
"species",36,36,14,0.46,8.4
"species",37,37,17.2,0.48,12
"species",38,38,14.9,0.29,13.6
"species",39,39,16.7,1.98,30.8
"species",40,40,16.2,0.35,0.5
"species",41,41,18.9,1.147,3.5
"species",42,42,18.1,0.847,0.8
"species",43,43,17.5,0.584,0.6
"species",44,44,17.2,0.939,13.1
"species",45,45,18.8,1.514,7.8
"species",46,46,17.6,0.76,8.5
"species",47,47,18.8,1.153,15.3
"species",48,48,18.9,0.847,9.3
"species",49,49,18.3,0.876,9.4
"species",50,50,15.4,0.29,6.6
"species",51,51,17.1,0.48,14
"species",52,52,19,1.199,13.8
"species",53,53,16,2.232,4.9
"species",54,54,18.2,1.514,18
"species",55,55,18.3,0.847,13.4
"species",56,56,18.8,1.153,13.4
"species",57,57,18.3,0.847,9.7
"species",58,58,19,0.847,10.8
"species",59,59,18.3,0.863,8.3
"species",60,60,18.7,1.149,16.2
"species",61,61,17,0.775,17.7
"species",62,62,19.1,0.987,6.8
"species",63,63,19.5,1.151,11
"species",64,64,14.4,0.33,11.4
"species",65,65,17.9,0.874,7.9
"species",66,66,18.3,1.044,9.2
"species",67,67,16.5,1.83,2.3
"species",68,68,16.3,0.964,16.3
"species",69,69,17.4,1.153,15.3
"species",70,70,13.8,0.95,19.1
"species",71,71,17,0.882,23.2
"species",72,72,13.6,0.48,8
"species",73,73,17.6,0.803,12.8
"species",74,74,18.4,1.269,4.2
"species",75,75,18.3,0.847,14.2
"species",76,76,18.7,1.153,5.7
"species",77,77,18.4,1.122,9.3
"species",78,78,18.1,1.189,14.4
"species",79,79,18.4,1.514,9.9
"species",80,80,18.5,0.887,4.9
"species",81,81,18.9,0.847,5.5
"species",82,82,16.9,0.34,0.1
"species",83,83,17.1,0.966,24.3
"species",84,84,16.3,1.705,6.3
"species",85,85,19,0.854,6.8
"species",86,86,17.9,1.381,12.5
"species",87,87,17.2,0.48,13.9
"species",88,88,18.3,1.514,26.3
"species",89,89,18.5,1.059,8.7
"species",90,90,18.7,0.847,2.3
"species",91,91,18.4,1.205,9.7
"species",92,92,16.9,0.912,15
"species",93,93,18.7,1.153,16
"species",94,94,19,0.847,7.2
"species",95,95,16.6,0.72,21.5
"species",96,96,17,2.215,3.6
"species",97,97,18.5,1.514,20.1
"species",98,98,18.3,1.161,6.8
"species",99,99,18.6,0.847,6.7
"species",100,100,18,1.374,12.2
"species",101,101,17.1,0.55,15
"species",102,102,18.8,1.514,24.6
"species",103,103,18.8,0.847,7.8
"species",104,104,18.7,0.847,7.3
"species",105,105,17.8,0.805,17.7
"species",106,106,19.6,1.153,8.9
"species",107,107,18,0.85,14.9
"species",108,108,18.7,0.847,2
"species",109,109,17.7,0.584,12.3
"species",110,110,17.6,1.727,1.4
"species",111,111,17.4,0.55,16.4
"species",112,112,18.7,1.153,14.9
"species",113,113,17.3,0.929,25.6
"species",114,114,16.9,1.98,11.4
"species",115,115,18.9,0.847,3.8
"species",116,116,18.9,0.847,5.5
"species",117,117,18.4,1.221,8.3
"species",118,118,17.6,0.55,0.1
"species",119,119,18.9,0.847,4.3
"species",120,120,18,1.374,12.2
"species",121,121,18.4,1.221,8.3
"species",122,122,18.1,0.847,1.2
"species",123,123,16.1,1.98,1.2
"species",124,124,16.4,0.49,0.9
"species",125,125,16.7,2.249,12.3
"species",126,126,18.7,1.045,17.5
"species",127,127,19,0.943,10.9
"species",128,128,18.7,0.847,4.2
"species",129,129,19.5,1.153,11.5
"species",130,130,15.1,0.29,6.6
"species",131,131,18.4,0.847,4.6
"species",132,132,17.6,1.71,3.1
"species",133,133,17,0.913,17.8
"species",134,134,18.2,1.288,9.2
"species",135,135,17.1,0.48,14
"species",136,136,17,0.975,22.6
"species",137,137,18.4,1.07,8.8
"species",138,138,16.8,0.34,0.2
"species",139,139,15.7,0.3,1.8
"species",140,140,18.9,0.847,3.1
"species",141,141,19.6,1.153,12.3
