"species","x","y","SegSumT","USRainDays","USSlope"
"background",1,1,18.3,0.847,0.4
"background",2,2,14.9,2.249,3.9
"background",3,3,13.4,0.77,20.1
"background",4,4,13.1,0.29,9.8
"background",5,5,15.9,0.21,0.9
"background",6,6,17,1.98,10.5
"background",7,7,15.7,3.3,2.7
"background",8,8,14.7,0.31,15.2
"background",9,9,16.7,1.101,12.3
"background",10,10,14.3,0.54,26.9
"background",11,11,12.8,0.36,23.6
"background",12,12,13,0.24,18.9
"background",13,13,13.2,0.21,23.2
"background",14,14,13.8,0.41,13.6
"background",15,15,17.2,0.974,7.5
"background",16,16,18.8,1.504,19.3
"background",17,17,17.2,1.3,11.5
"background",18,18,16.5,0.956,23.9
"background",19,19,13.1,0.32,20.9
"background",20,20,16.3,3.27,20.1
"background",21,21,16.6,2.249,2.5
"background",22,22,16.4,0.21,21.3
"background",23,23,18.5,0.847,6
"background",24,24,14.9,2.249,3.9
"background",25,25,18.8,1.512,9.3
"background",26,26,17.1,1.22,23.9
"background",27,27,14.5,1.062,2.4
"background",28,28,14.7,0.28,11.4
"background",29,29,16.9,0.37,0.3
"background",30,30,17.7,1.22,17.9
"background",31,31,16.9,1.21,28.4
"background",32,32,17.4,1.22,26.2
"background",33,33,15.8,3.3,7.1
"background",34,34,16.2,3.3,3.5
"background",35,35,14.3,1.4,29.1
"background",36,36,17.7,0.999,9.3
"background",37,37,16.7,0.21,16.1
"background",38,38,18.6,1.153,14.1
"background",39,39,11.9,0.59,15.9
"background",40,40,17.1,0.846,15.1
"background",41,41,15.4,2.249,6.8
"background",42,42,15.1,2.249,2.4
"background",43,43,15.7,3.3,13.3
"background",44,44,14.4,0.55,23.1
"background",45,45,14.7,0.21,19
"background",46,46,17.2,0.67,20.8
"background",47,47,15.7,3.26,31.6
"background",48,48,15,0.21,24.4
"background",49,49,14.3,0.23,14.6
"background",50,50,13.8,0.93,12.8
"background",51,51,16.9,0.37,0.3
"background",52,52,15.9,0.21,15.6
"background",53,53,15,3.3,2.2
"background",54,54,19.4,1.153,8
"background",55,55,17,1.153,11.4
"background",56,56,17.4,0.35,21.1
"background",57,57,16.3,0.762,12
"background",58,58,16.5,1.153,8.1
"background",59,59,12.3,0.29,6.4
"background",60,60,17.8,1.112,10.3
"background",61,61,18.4,1.514,17.4
"background",62,62,18,0.847,17.3
"background",63,63,16.3,1.2,26.4
"background",64,64,14.3,0.29,12.3
"background",65,65,15,2.57,18
"background",66,66,16.5,1.98,9.4
"background",67,67,14.2,0.23,14.3
"background",68,68,15.3,0.21,22.3
"background",69,69,17.9,1.514,23
"background",70,70,15.6,3.3,27.6
"background",71,71,13.5,0.8,24.9
"background",72,72,13.6,0.21,13.1
"background",73,73,13.5,0.65,21
"background",74,74,14.2,1.1,27.2
"background",75,75,15.2,3.3,3.8
"background",76,76,17.2,0.985,10.6
"background",77,77,16.9,1.465,1.2
"background",78,78,17.1,0.848,16.5
"background",79,79,15.3,0.28,21.7
"background",80,80,16,3.16,18.1
"background",81,81,18.8,1.153,14.2
"background",82,82,18.5,1.256,22.8
"background",83,83,16.2,2.191,9.4
"background",84,84,14.1,1.11,19.5
"background",85,85,17.1,1.22,30.1
"background",86,86,15.4,3.3,7.1
"background",87,87,15.6,3.3,13.1
"background",88,88,18.4,1.153,15.5
"background",89,89,16.5,0.867,15.2
"background",90,90,15,3.3,26
"background",91,91,15.7,3.3,8.5
"background",92,92,15.6,0.54,28.7
"background",93,93,17.1,1.22,23.4
"background",94,94,18,0.907,14.1
"background",95,95,18.6,0.994,9.2
"background",96,96,12.1,0.29,12.5
"background",97,97,17.8,1.35,9.5
"background",98,98,15.1,1.22,16
"background",99,99,16.9,0.87,22.3
"background",100,100,17.2,1.153,13.6
"background",101,101,15.2,3.3,11.8
"background",102,102,14.5,1.75,13.1
"background",103,103,16,0.34,13.1
"background",104,104,13.4,0.21,5.6
"background",105,105,19.1,0.996,6.9
"background",106,106,15,0.37,0.3
"background",107,107,18.1,0.878,7.9
"background",108,108,18.4,0.847,9.3
"background",109,109,18.3,0.847,9.7
"background",110,110,15,0.36,23.5
"background",111,111,14.6,1.23,20.4
"background",112,112,18.4,2.166,13.9
"background",113,113,15.7,3.3,14.6
"background",114,114,17.1,0.21,20.7
"background",115,115,17.5,1.03,28.4
"background",116,116,13.8,0.21,15.5
"background",117,117,14.1,1.34,26.1
"background",118,118,18.6,1.321,13.9
"background",119,119,18.7,0.872,18
"background",120,120,16.9,0.55,26.6
"background",121,121,15.1,0.8,22.3
"background",122,122,17.2,1.23,13.9
"background",123,123,13,0.32,22.1
"background",124,124,17.4,1.461,8.3
"background",125,125,18.6,0.847,9.2
"background",126,126,12.4,0.29,8.4
"background",127,127,18.1,0.858,3
"background",128,128,17,1.975,2.1
"background",129,129,12.3,0.74,25.2
"background",130,130,15.8,3.03,7.2
"background",131,131,17.2,2.249,10.9
"background",132,132,18.2,0.897,0.3
"background",133,133,18.7,1.153,18.8
"background",134,134,13.3,2.65,28.9
"background",135,135,15.4,0.34,13.7
"background",136,136,15.7,3.3,14.1
"background",137,137,14.6,1.127,20.3
"background",138,138,14.2,0.41,6.9
"background",139,139,13.7,0.31,23.4
"background",140,140,15.4,1.98,24.2
"background",141,141,16.5,0.607,9.9
"background",142,142,15.8,3.3,4.2
"background",143,143,14.8,0.21,1.8
"background",144,144,15.2,3.3,12
"background",145,145,15.4,0.77,25.1
"background",146,146,15.7,1.153,23.8
"background",147,147,16.4,2.144,2.5
"background",148,148,13.5,0.23,17.6
"background",149,149,17.7,0.992,12.1
"background",150,150,17.1,1.053,9.4
"background",151,151,16.4,0.21,5.1
"background",152,152,16.3,0.21,10.8
"background",153,153,17.1,1.301,7.4
"background",154,154,17.6,1.313,19
"background",155,155,19,0.847,8.4
"background",156,156,18,1.514,7.5
"background",157,157,13.9,1.98,10.7
"background",158,158,15.2,0.25,13.3
"background",159,159,12,0.29,12.8
"background",160,160,17.2,1.514,14.9
"background",161,161,16.9,0.771,10.6
"background",162,162,18.9,1.047,16
"background",163,163,15.4,3.3,15.2
"background",164,164,15.7,1.98,18.1
"background",165,165,15.7,0.21,14.9
"background",166,166,14.1,1.06,30.7
"background",167,167,12.7,0.26,17.2
"background",168,168,17.1,1.1,22
"background",169,169,12.9,0.36,8.3
"background",170,170,16.5,1.153,27.8
"background",171,171,15.2,2.249,4.3
"background",172,172,18.4,1.514,14.1
"background",173,173,15.6,1.87,23.1
"background",174,174,16.8,1.98,20.1
"background",175,175,18.1,1.464,8.3
"background",176,176,16.9,1.22,26.5
"background",177,177,15.4,3.3,21.8
"background",178,178,13.8,0.8,23
"background",179,179,17,0.42,2.3
"background",180,180,13,1.98,11
"background",181,181,17.1,1.04,27.6
"background",182,182,17.2,1.22,19.8
"background",183,183,15.8,0.21,11.3
"background",184,184,15.6,0.882,24.7
"background",185,185,18.1,1.514,13.6
"background",186,186,15.5,0.29,22.3
"background",187,187,18.9,0.959,5.9
"background",188,188,16.6,0.21,11.9
"background",189,189,14.1,1.58,25.6
"background",190,190,17.4,1.751,12.7
"background",191,191,14.3,0.29,22.8
"background",192,192,14,0.61,28.1
"background",193,193,14.2,0.21,18.3
"background",194,194,18.7,1.514,8.6
"background",195,195,17.9,1.875,10.8
"background",196,196,16.1,0.55,25.1
"background",197,197,14.6,1.45,30.8
"background",198,198,15.3,3.3,15.3
"background",199,199,14.5,3.3,31.9
"background",200,200,13.5,0.21,18
"background",201,201,15.7,0.55,13.2
"background",202,202,18.1,1.514,12.1
"background",203,203,18.1,0.847,1.9
"background",204,204,15.9,0.96,27.4
"background",205,205,15.5,0.33,13.6
"background",206,206,15.4,3.3,3.7
"background",207,207,16.9,1.953,3.5
"background",208,208,14.1,0.33,12.8
"background",209,209,14.4,0.21,7.7
"background",210,210,16.1,0.24,7.8
"background",211,211,13.8,0.29,6.9
"background",212,212,14,0.77,25.8
"background",213,213,14,0.41,7.8
"background",214,214,18.2,1.514,17.3
"background",215,215,15.6,3.3,2.5
"background",216,216,17.2,1.505,13.2
"background",217,217,18,1.039,10.2
"background",218,218,16.2,0.21,20.5
"background",219,219,18,1.149,15.1
"background",220,220,17.1,1.782,26.1
"background",221,221,15.7,1.041,14
"background",222,222,14,0.21,22.1
"background",223,223,19.6,1.153,12.3
"background",224,224,15.6,3.3,10.7
"background",225,225,16.5,1.22,17.3
"background",226,226,13.8,0.23,23.4
"background",227,227,15.7,3.3,0.6
"background",228,228,18.7,0.986,15.5
"background",229,229,16.8,0.21,10.1
"background",230,230,13.6,1.16,30.5
"background",231,231,15.7,1.22,17.2
"background",232,232,17,1.22,19.5
"background",233,233,16.3,1.2,26.4
"background",234,234,15.4,3.3,28.5
"background",235,235,16,2.243,1.3
"background",236,236,12.5,0.83,18.4
"background",237,237,16.9,0.846,17.3
"background",238,238,15.1,0.34,18
"background",239,239,17.4,1.22,21.7
"background",240,240,18.5,1.067,12.4
"background",241,241,14,0.29,6.7
"background",242,242,18.2,1.226,6
"background",243,243,15.3,3.3,30.2
"background",244,244,18.9,0.887,9.8
"background",245,245,13.8,0.36,11.8
"background",246,246,18.9,0.893,10.4
"background",247,247,10.1,0.29,7.1
"background",248,248,16.7,1.98,10.8
"background",249,249,16.4,0.957,23.1
"background",250,250,16.4,0.76,5.4
"background",251,251,15,1.059,9.9
"background",252,252,18.1,1.009,12.1
"background",253,253,16.4,0.866,22.6
"background",254,254,15.9,0.34,13.1
"background",255,255,14,1.153,24.7
"background",256,256,15.8,3.3,5
"background",257,257,17.3,1.98,17.3
"background",258,258,17,1.22,14.4
"background",259,259,16.2,2.97,9.3
"background",260,260,13.7,0.52,18.2
"background",261,261,15.7,0.811,24.3
"background",262,262,17,1.22,32
"background",263,263,15.6,0.76,23.3
"background",264,264,18.2,2.206,14.5
"background",265,265,18.9,0.887,9.8
"background",266,266,18,1.039,10.2
"background",267,267,16.9,0.55,25.6
"background",268,268,18.3,1.514,18.1
"background",269,269,17.5,1.505,20.6
"background",270,270,14,1.98,29
"background",271,271,12.9,1.39,28
"background",272,272,13.6,0.3,13.4
"background",273,273,15,1.22,19.8
"background",274,274,18.6,1.333,16.8
"background",275,275,15.2,2.68,26.1
"background",276,276,17.5,1.191,11.7
"background",277,277,15.6,2.236,3.6
"background",278,278,13.9,0.97,18.6
"background",279,279,17,1.514,23.4
"background",280,280,17.7,0.584,20.7
"background",281,281,19.3,1.153,16
"background",282,282,14,0.35,6.4
"background",283,283,14.9,1.98,29
"background",284,284,18.2,0.85,17.6
"background",285,285,18.8,1.015,0.1
"background",286,286,15.7,2.81,28.4
"background",287,287,15.4,2.25,10.3
"background",288,288,12.3,0.29,8.5
"background",289,289,13.5,1.98,18.2
"background",290,290,18,0.847,17
"background",291,291,19,0.847,5
"background",292,292,14.7,3.3,16.3
"background",293,293,15.8,0.22,11.2
"background",294,294,18.6,0.847,11.2
"background",295,295,18.9,0.893,9.7
"background",296,296,18.8,0.847,7.3
"background",297,297,19.6,1.153,10.2
"background",298,298,16.2,0.56,27.2
"background",299,299,15.1,2.33,19.4
"background",300,300,17.7,0.847,16.7
"background",301,301,17.9,1.153,12.3
"background",302,302,18.6,0.847,2.2
"background",303,303,16,0.21,10.8
"background",304,304,17.1,1.23,13.4
"background",305,305,16.3,1.98,16.3
"background",306,306,15.8,3.3,16.4
"background",307,307,13,1.98,10.8
"background",308,308,16.1,3.12,22.2
"background",309,309,15.2,3.3,11.7
"background",310,310,18.6,2.135,5.3
"background",311,311,16.6,1.22,26.6
"background",312,312,19.3,1.071,11
"background",313,313,13.8,2.93,30.9
"background",314,314,15.9,0.29,28.9
"background",315,315,17.3,0.929,25.6
"background",316,316,16.8,1.22,27.6
"background",317,317,16.3,1.153,20.2
"background",318,318,15.4,3.3,28.6
"background",319,319,15.4,3.3,11.3
"background",320,320,13.7,0.31,18.9
"background",321,321,18.3,1.514,20.7
"background",322,322,16.4,1.153,9.1
"background",323,323,13.8,0.41,11.2
"background",324,324,14.6,0.26,15.3
"background",325,325,19.5,1.153,5.6
"background",326,326,16.9,0.673,0.5
"background",327,327,15.4,0.22,23.9
"background",328,328,17.4,1.22,22.6
"background",329,329,18.2,1.153,24.4
"background",330,330,15,1.059,9.9
"background",331,331,18.9,0.893,9.7
"background",332,332,15.7,3.3,13.5
"background",333,333,18.4,1.514,9.9
"background",334,334,19.1,0.847,6.7
"background",335,335,13.6,1,30.3
"background",336,336,16.9,0.852,28.4
"background",337,337,17.5,1.145,16.7
"background",338,338,18.6,1.153,15.8
"background",339,339,15,2.07,16.6
"background",340,340,18.1,1.514,28.9
"background",341,341,13.8,0.79,26.4
"background",342,342,18.3,1.514,21.1
"background",343,343,19.2,1.153,12
"background",344,344,15.7,0.21,20.1
"background",345,345,18.7,0.995,13.7
"background",346,346,16.5,0.64,16.8
"background",347,347,16.1,3.26,10.3
"background",348,348,15.5,1.87,23.1
"background",349,349,13.6,0.64,20.7
"background",350,350,16.4,1.424,15.5
"background",351,351,13.9,0.21,9.7
"background",352,352,13.7,0.21,22
"background",353,353,12.1,0.29,7
"background",354,354,16.1,1.966,1.9
"background",355,355,18.7,1.153,14
"background",356,356,16.9,1.514,24.7
"background",357,357,16.5,1.207,7.6
"background",358,358,13.3,0.29,17.9
"background",359,359,16.6,1.98,22.3
"background",360,360,14.4,0.29,13
"background",361,361,16.9,1.514,21.2
"background",362,362,15.4,0.881,22.9
"background",363,363,13.9,0.29,24.9
"background",364,364,14,0.45,9.5
"background",365,365,17.1,1.63,24.9
"background",366,366,16,3.27,9.8
"background",367,367,15.9,2.73,20
"background",368,368,16.3,2.249,6.5
"background",369,369,18.2,1.514,15.1
"background",370,370,15.9,0.29,4.4
"background",371,371,14.9,0.95,29.7
"background",372,372,15.9,2.84,18.4
"background",373,373,15.7,1.111,22.9
"background",374,374,16.5,1.153,12.6
"background",375,375,14.1,1.97,28.8
"background",376,376,15.2,0.29,8.4
"background",377,377,16.8,0.21,10.1
"background",378,378,17.6,1.567,29.7
"background",379,379,14,0.29,7.5
"background",380,380,16.1,0.53,17.9
"background",381,381,16.5,0.21,18.2
"background",382,382,16.5,0.27,22.6
"background",383,383,16.3,0.781,8.4
"background",384,384,18.1,1.274,24.6
"background",385,385,14.9,3.3,16.8
"background",386,386,12.5,0.3,8
"background",387,387,15.1,0.34,23.6
"background",388,388,18.8,1.513,22.8
"background",389,389,14.8,2.249,18.1
"background",390,390,18.4,0.864,6.3
"background",391,391,19,0.847,8.4
"background",392,392,14.3,0.35,10.2
"background",393,393,18.1,1.217,14.8
"background",394,394,17.3,1.98,24.3
"background",395,395,15.4,3.3,21.8
"background",396,396,15.1,0.9,31.4
"background",397,397,15.6,3.25,14.6
"background",398,398,14.9,2.249,3.9
"background",399,399,15.6,3.3,11.3
"background",400,400,15.2,3.3,11.8
"background",401,401,18.8,1.153,8.1
"background",402,402,16.6,1.82,28.7
"background",403,403,17,0.65,31.1
"background",404,404,15.1,2.08,28.1
"background",405,405,18.9,1.153,18.4
"background",406,406,16.1,1.153,24.4
"background",407,407,15.4,3.3,14.3
"background",408,408,12.8,0.29,4.8
"background",409,409,15.6,3.25,14.6
"background",410,410,15.7,3.19,18.1
"background",411,411,16,0.55,20.6
"background",412,412,17.2,0.21,19.5
"background",413,413,18.4,1.514,18.7
"background",414,414,14.7,0.38,13.6
"background",415,415,18.2,1.514,18.9
"background",416,416,14.5,2.59,32.6
"background",417,417,18.9,0.893,10.4
"background",418,418,16.2,2.36,27.1
"background",419,419,15.9,0.881,22.4
"background",420,420,18.6,2.249,18.7
"background",421,421,18.6,0.847,1.8
"background",422,422,15.1,0.29,8.9
"background",423,423,18.4,1.118,18.4
"background",424,424,17.4,1.514,3.4
"background",425,425,14.9,0.38,10.2
"background",426,426,14.2,0.29,21.3
"background",427,427,15.5,0.64,22.2
"background",428,428,15.9,1.153,26.2
"background",429,429,13.4,0.35,22.7
"background",430,430,17.2,1.22,22.1
"background",431,431,16.3,0.28,1.5
"background",432,432,15.2,1.87,31.1
"background",433,433,15.7,2.76,14.3
"background",434,434,18.2,1.153,14.3
"background",435,435,16,0.34,13.1
"background",436,436,17.8,0.847,18.1
"background",437,437,15.3,3.3,15.6
"background",438,438,14.8,2.09,28.2
"background",439,439,18.6,1.153,5
"background",440,440,17.2,1.22,20
"background",441,441,15.4,3.3,10.9
"background",442,442,15.5,2.53,2.6
"background",443,443,14.2,1.84,24.6
"background",444,444,15,3.3,23.2
"background",445,445,15.4,3.3,14.4
"background",446,446,15.9,2.59,18.7
"background",447,447,18,0.601,19.5
"background",448,448,14.8,0.49,12.8
"background",449,449,18.7,0.847,5.4
"background",450,450,14.3,1.44,29.9
"background",451,451,16.5,0.6,5.2
"background",452,452,15.2,3.3,3.8
"background",453,453,18.4,0.902,13.2
"background",454,454,16.9,0.54,2
"background",455,455,13.5,0.83,27.2
"background",456,456,15.2,1.99,29.7
"background",457,457,18.3,2.177,14.1
"background",458,458,15.5,2.249,2.6
"background",459,459,17.1,1.514,13.8
"background",460,460,17.3,1.514,16.9
"background",461,461,18.8,1.514,3.9
"background",462,462,18.5,1.514,20.7
"background",463,463,16.3,2.249,6.5
"background",464,464,16.7,1.98,30.8
"background",465,465,19.1,0.847,6.8
"background",466,466,15.1,0.35,13.9
"background",467,467,17.5,1.22,20.6
"background",468,468,15.1,2.249,2.9
"background",469,469,17.9,1.187,14
"background",470,470,17.8,0.723,21.8
"background",471,471,15.6,0.21,19.5
"background",472,472,15.8,0.787,25.3
"background",473,473,15.3,3.3,14.4
"background",474,474,17.5,1.688,22.5
"background",475,475,15.3,0.34,11.1
"background",476,476,15.9,0.68,11.4
"background",477,477,15.3,0.77,25.4
"background",478,478,14.3,1.17,20.3
"background",479,479,16.2,0.976,21.7
"background",480,480,14.7,0.27,9.7
"background",481,481,16,0.34,13.1
"background",482,482,13,1.98,8.5
"background",483,483,16.2,0.758,16.3
"background",484,484,18.6,1.153,14.9
"background",485,485,15.4,0.49,10.8
"background",486,486,15.9,0.911,17.4
"background",487,487,17.3,1.22,24.1
"background",488,488,14.8,0.55,21.2
"background",489,489,18.7,0.88,12.3
"background",490,490,17.5,1.514,10.6
"background",491,491,18.1,0.848,7.1
"background",492,492,14.1,0.8,25.1
"background",493,493,17.4,0.584,0.3
"background",494,494,16.1,0.21,4.4
"background",495,495,14.4,0.24,16.9
"background",496,496,17.4,1.22,25.1
"background",497,497,13,0.24,19.9
"background",498,498,18.7,0.847,10.8
"background",499,499,15.1,3.3,17.4
"background",500,500,17,0.603,8.2
"background",501,501,12.8,0.98,30.9
"background",502,502,17.3,2.249,4.3
"background",503,503,17.9,1.454,15.5
"background",504,504,14.5,0.29,8.4
"background",505,505,14.5,1.41,16.6
"background",506,506,12.2,0.26,8.7
"background",507,507,15.4,2.224,2.9
"background",508,508,18.3,1.153,17.3
"background",509,509,16.5,0.888,11.3
"background",510,510,15.4,3.3,11.3
"background",511,511,14.6,0.34,16.7
"background",512,512,16,2.84,23.4
"background",513,513,17.7,1.377,12.6
"background",514,514,13.8,0.47,12.6
"background",515,515,15.8,2.81,25.4
"background",516,516,16.2,3.3,9
"background",517,517,15.3,3.3,14.9
"background",518,518,14.4,0.29,9.6
"background",519,519,14.7,0.31,11.9
"background",520,520,18.8,1.003,15.8
"background",521,521,14.1,0.24,24.4
"background",522,522,17,1.22,22.5
"background",523,523,17.7,0.999,9.3
"background",524,524,14.9,1.54,30.5
"background",525,525,15.6,3.3,13.7
"background",526,526,15.1,3.3,12.5
"background",527,527,14.9,3.3,26.8
"background",528,528,17.2,2.249,16.9
"background",529,529,18.1,1.514,7.7
"background",530,530,13.5,0.29,15.6
"background",531,531,15.2,0.25,13.3
