"species","x","y","SegSumT","USRainDays","USSlope"
"background",1,1,16,2.47,9.8
"background",2,2,18.3,0.847,0.4
"background",3,3,16.7,0.21,0.4
"background",4,4,15.1,3.3,25.7
"background",5,5,12.7,0.43,9.6
"background",6,6,18.1,1.153,4.9
"background",7,7,18.9,0.887,9.8
"background",8,8,13.4,0.77,20.1
"background",9,9,13.1,0.29,9.8
"background",10,10,15.9,0.21,0.9
"background",11,11,15.7,3.3,2.7
"background",12,12,16.7,1.101,12.3
"background",13,13,14.3,0.54,26.9
"background",14,14,12.8,0.36,23.6
"background",15,15,15.2,1.082,7.6
"background",16,16,13,0.24,18.9
"background",17,17,19.1,0.847,0
"background",18,18,13.2,0.21,23.2
"background",19,19,13.8,0.41,13.6
"background",20,20,17.2,0.974,7.5
"background",21,21,18.8,1.504,19.3
"background",22,22,16.5,1.98,27.4
"background",23,23,17.2,1.3,11.5
"background",24,24,13.1,0.32,20.9
"background",25,25,12.8,0.33,11.5
"background",26,26,16.6,2.249,2.5
"background",27,27,15.4,3.3,14.3
"background",28,28,18.5,0.847,6
"background",29,29,14.9,2.249,3.9
"background",30,30,15.3,0.79,24.7
"background",31,31,17,0.37,0.1
"background",32,32,18.8,1.512,9.3
"background",33,33,17.8,1.396,19.1
"background",34,34,17.1,1.22,23.9
"background",35,35,14.5,1.062,2.4
"background",36,36,16.7,1.22,29.5
"background",37,37,16,3.3,24.4
"background",38,38,16.9,0.37,0.3
"background",39,39,17.7,1.22,17.9
"background",40,40,16.9,1.21,28.4
"background",41,41,16.8,0.21,10.1
"background",42,42,17.8,1.153,24.9
"background",43,43,17.4,1.22,26.2
"background",44,44,13.6,0.29,6.4
"background",45,45,16.2,3.3,3.5
"background",46,46,14.3,1.4,29.1
"background",47,47,16.7,0.21,16.1
"background",48,48,18.6,1.153,14.1
"background",49,49,15.4,2.249,6.8
"background",50,50,15.1,2.249,2.4
"background",51,51,15.7,3.3,13.3
"background",52,52,19.4,1.074,12.4
"background",53,53,14.7,0.21,19
"background",54,54,17.2,0.67,20.8
"background",55,55,15.7,3.26,31.6
"background",56,56,13.8,0.93,12.8
"background",57,57,16.9,0.37,0.3
"background",58,58,15.9,0.21,15.6
"background",59,59,15,3.3,2.2
"background",60,60,19.4,1.153,8
"background",61,61,15.6,0.25,22.6
"background",62,62,17,1.153,11.4
"background",63,63,15.6,3.3,11.1
"background",64,64,15.3,3.3,12.5
"background",65,65,17.4,0.35,21.1
"background",66,66,15.3,0.21,7.5
"background",67,67,18,0.847,17.3
"background",68,68,14.3,0.29,12.3
"background",69,69,15,2.57,18
"background",70,70,14.2,0.23,14.3
"background",71,71,13.2,0.87,23.6
"background",72,72,16.2,1,26
"background",73,73,15.6,3.3,27.6
"background",74,74,13.5,0.8,24.9
"background",75,75,13.6,0.21,13.1
"background",76,76,15.9,1.143,24.4
"background",77,77,17.3,1.98,30.4
"background",78,78,13.8,1.029,12.8
"background",79,79,13.5,0.65,21
"background",80,80,14.2,1.1,27.2
"background",81,81,15.2,3.3,3.8
"background",82,82,17.2,0.985,10.6
"background",83,83,16.9,1.465,1.2
"background",84,84,17.1,0.848,16.5
"background",85,85,15.3,0.28,21.7
"background",86,86,18.3,0.881,7.7
"background",87,87,18.8,1.153,14.2
"background",88,88,16.2,2.191,9.4
"background",89,89,14.1,1.11,19.5
"background",90,90,15.4,3.3,7.1
"background",91,91,13.2,0.29,12.8
"background",92,92,15.6,3.3,13.1
"background",93,93,16.5,0.867,15.2
"background",94,94,15,3.3,26
"background",95,95,17,0.849,13
"background",96,96,16.7,1.98,17.8
"background",97,97,17.1,1.22,23.4
"background",98,98,18,0.907,14.1
"background",99,99,18.6,0.994,9.2
"background",100,100,17.8,1.35,9.5
"background",101,101,15.1,1.22,16
"background",102,102,16.9,0.87,22.3
"background",103,103,18.2,1.206,13.9
"background",104,104,11.7,0.21,14.4
"background",105,105,17.2,1.153,13.6
"background",106,106,15.2,3.3,11.8
"background",107,107,14.5,1.75,13.1
"background",108,108,13.4,0.21,5.6
"background",109,109,19.1,0.996,6.9
"background",110,110,15.9,3.3,11.1
"background",111,111,15.2,3.3,12.5
"background",112,112,18,1.257,6.9
"background",113,113,18.4,0.847,9.3
"background",114,114,18.3,0.847,9.7
"background",115,115,18.4,2.166,13.9
"background",116,116,15.7,1.98,30.1
"background",117,117,17.5,1.03,28.4
"background",118,118,13.8,0.21,15.5
"background",119,119,14.1,1.34,26.1
"background",120,120,18.6,1.321,13.9
"background",121,121,16.9,0.55,26.6
"background",122,122,15.1,0.8,22.3
"background",123,123,13,0.32,22.1
"background",124,124,17.4,1.461,8.3
"background",125,125,12.4,0.29,8.4
"background",126,126,17.9,1.513,19.4
"background",127,127,16.2,2.36,27.1
"background",128,128,12.3,0.74,25.2
"background",129,129,18.2,0.847,1
"background",130,130,17.2,2.249,10.9
"background",131,131,12.8,0.29,12.9
"background",132,132,13.9,0.34,0.3
"background",133,133,13.3,2.65,28.9
"background",134,134,15.4,2.224,2.9
"background",135,135,15.4,0.34,13.7
"background",136,136,15.7,3.3,14.1
"background",137,137,16.1,1.98,13.3
"background",138,138,14.6,1.127,20.3
"background",139,139,17.1,1.023,3.9
"background",140,140,16,0.991,12.4
"background",141,141,14.2,0.41,6.9
"background",142,142,13.7,0.31,23.4
"background",143,143,16.5,0.607,9.9
"background",144,144,15.8,3.3,4.2
"background",145,145,17.2,1.263,8.4
"background",146,146,16.2,0.21,18.2
"background",147,147,14.2,0.44,26
"background",148,148,15.4,0.77,25.1
"background",149,149,15.7,1.153,23.8
"background",150,150,13.3,0.29,21.7
"background",151,151,16.4,2.144,2.5
"background",152,152,17.7,0.992,12.1
"background",153,153,17.1,1.053,9.4
"background",154,154,16.4,0.21,5.1
"background",155,155,14.1,1.11,30.5
"background",156,156,19,0.847,8.4
"background",157,157,17,0.39,0.2
"background",158,158,15.9,3.3,11.1
"background",159,159,16,0.3,0.9
"background",160,160,15.2,0.25,13.3
"background",161,161,12,0.29,12.8
"background",162,162,13.7,0.41,2.8
"background",163,163,17.2,1.514,14.9
"background",164,164,15.4,3.3,15.2
"background",165,165,12.9,0.29,6.2
"background",166,166,15.7,1.98,18.1
"background",167,167,15.7,0.21,14.9
"background",168,168,14.1,1.06,30.7
"background",169,169,16.9,1.22,20.6
"background",170,170,17.1,1.1,22
"background",171,171,15.2,2.249,4.3
"background",172,172,18.4,1.514,14.1
"background",173,173,15.6,1.87,23.1
"background",174,174,14.6,0.21,15.8
"background",175,175,16.8,1.98,20.1
"background",176,176,18.1,1.464,8.3
"background",177,177,18.8,1.147,19.5
"background",178,178,15.1,2.249,4.2
"background",179,179,14,0.29,10.1
"background",180,180,16.9,1.22,26.5
"background",181,181,13.8,0.8,23
"background",182,182,17,0.42,2.3
"background",183,183,13,1.98,11
"background",184,184,17.1,1.04,27.6
"background",185,185,18.3,0.847,13.4
"background",186,186,15.2,0.834,8.7
"background",187,187,17.5,0.761,2.8
"background",188,188,15.8,0.21,11.3
"background",189,189,15.6,0.882,24.7
"background",190,190,15.5,0.29,22.3
"background",191,191,15.7,3.3,27.9
"background",192,192,17.6,0.584,14.5
"background",193,193,18.9,1.72,29.2
"background",194,194,16.6,0.21,11.9
"background",195,195,13.5,0.29,8
"background",196,196,14.4,1.3,20.8
"background",197,197,17.4,1.751,12.7
"background",198,198,15.8,0.21,16
"background",199,199,14,0.61,28.1
"background",200,200,14.2,0.21,18.3
"background",201,201,18.7,1.514,8.6
"background",202,202,14.1,1.61,26.8
"background",203,203,17.9,1.875,10.8
"background",204,204,19.6,1.153,13.7
"background",205,205,16.1,0.55,25.1
"background",206,206,14.6,1.45,30.8
"background",207,207,12,0.29,16.5
"background",208,208,14,2.4,14.3
"background",209,209,13.5,0.21,18
"background",210,210,17.7,1.509,13
"background",211,211,15.7,0.55,13.2
"background",212,212,18.1,0.847,1.9
"background",213,213,17.2,1.98,21.9
"background",214,214,15.9,0.96,27.4
"background",215,215,15.5,0.33,13.6
"background",216,216,15.4,3.3,3.7
"background",217,217,10.7,0.33,8.4
"background",218,218,16.9,1.953,3.5
"background",219,219,16.9,1.514,16.9
"background",220,220,14.4,0.21,7.7
"background",221,221,18.6,1.072,10.4
"background",222,222,16.1,0.24,7.8
"background",223,223,13.8,0.29,6.9
"background",224,224,18.7,1.514,12.9
"background",225,225,14,0.77,25.8
"background",226,226,14,0.41,7.8
"background",227,227,18.2,1.514,17.3
"background",228,228,16,0.21,17.6
"background",229,229,15.6,3.3,2.5
"background",230,230,18,1.039,10.2
"background",231,231,16.2,0.21,20.5
"background",232,232,18,1.149,15.1
"background",233,233,14,0.41,8.2
"background",234,234,15.6,3.3,10.7
"background",235,235,16.5,1.22,17.3
"background",236,236,13.8,0.23,23.4
"background",237,237,15.7,3.3,0.6
"background",238,238,16.8,0.21,10.1
"background",239,239,13.6,1.16,30.5
"background",240,240,18,0.934,9.8
"background",241,241,15.7,1.22,17.2
"background",242,242,17,1.22,19.5
"background",243,243,12.5,0.21,4.5
"background",244,244,15.8,1.22,25.6
"background",245,245,13.6,0.64,3.8
"background",246,246,16.3,1.2,26.4
"background",247,247,15.4,3.3,28.5
"background",248,248,16,2.243,1.3
"background",249,249,16.9,0.846,17.3
"background",250,250,15.1,0.34,18
"background",251,251,17.4,1.22,21.7
"background",252,252,18.5,1.067,12.4
"background",253,253,15.1,0.3,11.2
"background",254,254,14,0.29,6.7
"background",255,255,16.2,0.55,23.8
"background",256,256,18.2,1.226,6
"background",257,257,15.9,3.3,11.6
"background",258,258,18.9,0.893,10.4
"background",259,259,15.5,3.3,10.1
"background",260,260,16.7,1.98,10.8
"background",261,261,16.4,0.957,23.1
"background",262,262,16.4,0.76,5.4
"background",263,263,16.2,0.28,22.2
"background",264,264,17.5,0.65,0.1
"background",265,265,15,1.059,9.9
"background",266,266,16,1.153,6.8
"background",267,267,18.3,0.85,1.1
"background",268,268,16.4,0.866,22.6
"background",269,269,14,1.153,24.7
"background",270,270,17.3,1.98,17.3
"background",271,271,15.6,3.3,27.6
"background",272,272,16.2,2.97,9.3
"background",273,273,15.7,0.811,24.3
"background",274,274,17,1.22,32
"background",275,275,18.2,2.206,14.5
"background",276,276,14.2,0.32,11
"background",277,277,18.9,0.887,9.8
"background",278,278,18,1.039,10.2
"background",279,279,16.9,0.55,25.6
"background",280,280,15.5,0.29,13.3
"background",281,281,14,1.98,29
"background",282,282,12.9,1.39,28
"background",283,283,13.6,0.3,13.4
"background",284,284,18.6,1.333,16.8
"background",285,285,16.9,0.976,12.8
"background",286,286,15.2,2.68,26.1
"background",287,287,15.6,3.3,14.4
"background",288,288,17.5,1.191,11.7
"background",289,289,13.9,0.97,18.6
"background",290,290,17.7,0.584,20.7
"background",291,291,16.4,1.514,24.6
"background",292,292,14.7,1.646,22.4
"background",293,293,14.7,1.47,1.5
"background",294,294,18.4,1.514,15
"background",295,295,15.3,2.234,6.7
"background",296,296,19.3,1.153,16
"background",297,297,16.6,0.976,19.8
"background",298,298,14,0.35,6.4
"background",299,299,14.7,1.19,23.7
"background",300,300,18.9,0.999,4.9
"background",301,301,18.2,0.85,17.6
"background",302,302,15.7,2.81,28.4
"background",303,303,12.3,0.29,8.5
"background",304,304,14.7,3.3,16.3
"background",305,305,15.7,3.3,6.4
"background",306,306,18.6,0.847,11.2
"background",307,307,18.9,0.893,9.7
"background",308,308,19.6,1.153,10.2
"background",309,309,18.5,1.357,17.7
"background",310,310,17.4,1.079,11.8
"background",311,311,15,2.07,16.6
"background",312,312,16.8,1.156,5.1
"background",313,313,15.1,2.33,19.4
"background",314,314,17.7,0.847,16.7
"background",315,315,18,0.847,11.2
"background",316,316,18.6,0.847,2.2
"background",317,317,16,0.21,10.8
"background",318,318,17.1,1.23,13.4
"background",319,319,16.3,1.98,16.3
"background",320,320,15.5,1.1,3.6
"background",321,321,15.8,3.3,16.4
"background",322,322,18.6,2.135,5.3
"background",323,323,19.3,1.071,11
"background",324,324,18.7,1.153,14
"background",325,325,15.9,0.29,28.9
"background",326,326,17.3,0.929,25.6
"background",327,327,14.1,1.7,27.4
"background",328,328,16.8,1.22,27.6
"background",329,329,16.3,1.153,20.2
"background",330,330,16.9,1.22,21.6
"background",331,331,15.4,3.3,11.3
"background",332,332,13.7,0.31,18.9
"background",333,333,18.3,1.514,20.7
"background",334,334,16.4,1.153,9.1
"background",335,335,14.6,0.26,15.3
"background",336,336,19.5,1.153,5.6
"background",337,337,12.8,0.29,12.9
"background",338,338,15.4,0.22,23.9
"background",339,339,17.4,1.22,22.6
"background",340,340,18.2,1.153,24.4
"background",341,341,18.4,1.514,9.9
"background",342,342,17.5,1.145,16.7
"background",343,343,18.6,1.153,15.8
"background",344,344,18.1,1.514,28.9
"background",345,345,13.8,0.79,26.4
"background",346,346,12.3,0.8,26.1
"background",347,347,18.3,1.514,21.1
"background",348,348,16.4,1.22,24.8
"background",349,349,15.5,0.886,12.2
"background",350,350,16.5,0.64,16.8
"background",351,351,18.5,1.457,19.4
"background",352,352,16.1,3.26,10.3
"background",353,353,17.7,1.514,15.7
"background",354,354,16.7,1.98,22
"background",355,355,13.6,0.64,20.7
"background",356,356,16.4,1.424,15.5
"background",357,357,13.9,0.21,9.7
"background",358,358,13.7,0.21,22
"background",359,359,15.9,0.29,20.6
"background",360,360,18.2,1.396,18.3
"background",361,361,12.1,0.29,7
"background",362,362,16.1,1.966,1.9
"background",363,363,15.3,1.94,22.8
"background",364,364,15.5,3.3,32.7
"background",365,365,15.1,0.29,19.5
"background",366,366,16.5,1.207,7.6
"background",367,367,13.3,0.29,17.9
"background",368,368,16.6,1.98,22.3
"background",369,369,14.4,0.29,13
"background",370,370,15.4,0.881,22.9
"background",371,371,13.9,0.29,24.9
"background",372,372,18.7,0.85,4.2
"background",373,373,16.8,1.22,20
"background",374,374,17.1,1.63,24.9
"background",375,375,16,3.27,9.8
"background",376,376,15.9,2.73,20
"background",377,377,16.3,2.249,6.5
"background",378,378,16.1,0.54,15.7
"background",379,379,18.2,1.514,15.1
"background",380,380,19.4,0.85,11.3
"background",381,381,16,2.249,8.7
"background",382,382,15.9,0.29,4.4
"background",383,383,15.2,0.823,22.2
"background",384,384,15.7,1.111,22.9
"background",385,385,14.1,1.97,28.8
"background",386,386,15.2,0.29,8.4
"background",387,387,18.5,1.473,15.2
"background",388,388,16.8,0.21,10.1
"background",389,389,17.6,1.567,29.7
"background",390,390,14,0.29,7.5
"background",391,391,16.5,0.21,18.2
"background",392,392,14.9,3.3,16.8
"background",393,393,12.5,0.3,8
"background",394,394,15.1,0.34,23.6
"background",395,395,14.8,2.249,18.1
"background",396,396,18.4,0.864,6.3
"background",397,397,11.9,0.29,8.1
"background",398,398,14.9,2.247,11.8
"background",399,399,18.1,1.217,14.8
"background",400,400,17.3,1.98,24.3
"background",401,401,15.4,3.3,21.8
"background",402,402,15.1,0.9,31.4
"background",403,403,15.6,3.25,14.6
"background",404,404,14.9,2.249,3.9
"background",405,405,15.7,3.3,15.3
"background",406,406,15.2,3.3,11.8
"background",407,407,18.6,0.847,4.3
"background",408,408,17.2,1.514,7.4
"background",409,409,15.6,3.3,13.1
"background",410,410,15.8,3.3,31.8
"background",411,411,16.6,1.82,28.7
"background",412,412,17,0.65,31.1
"background",413,413,18.9,1.153,18.4
"background",414,414,16.1,1.153,24.4
"background",415,415,12.8,0.29,4.8
"background",416,416,15.6,3.25,14.6
"background",417,417,18.7,2.249,15.3
"background",418,418,15.7,3.19,18.1
"background",419,419,15.6,0.859,27.4
"background",420,420,18.3,0.847,9.4
"background",421,421,16,0.55,20.6
"background",422,422,18.5,0.847,9.4
"background",423,423,17.2,0.21,19.5
"background",424,424,18.4,1.514,18.7
"background",425,425,14.7,0.38,13.6
"background",426,426,16.5,1.27,23.1
"background",427,427,12.6,0.22,2.4
"background",428,428,15.9,0.881,22.4
"background",429,429,18.6,2.249,18.7
"background",430,430,17.9,1.027,14
"background",431,431,18.8,1.514,8.3
"background",432,432,17.4,1.514,3.4
"background",433,433,14.2,0.29,21.3
"background",434,434,15.5,0.64,22.2
"background",435,435,15.9,1.153,26.2
"background",436,436,13.4,0.35,22.7
"background",437,437,17.6,1.159,13.5
"background",438,438,16.3,0.28,1.5
"background",439,439,18.9,0.887,9.8
"background",440,440,15.2,1.87,31.1
"background",441,441,15.7,2.76,14.3
"background",442,442,18.2,1.153,14.3
"background",443,443,16,0.34,13.1
"background",444,444,17.8,0.847,18.1
"background",445,445,14.8,2.09,28.2
"background",446,446,17.2,1.22,20
"background",447,447,15.5,2.53,2.6
"background",448,448,14.2,1.84,24.6
"background",449,449,15,3.3,23.2
"background",450,450,15.4,3.3,14.4
"background",451,451,15.9,2.59,18.7
"background",452,452,16.3,0.21,15.8
"background",453,453,13.9,0.21,25.5
"background",454,454,16.5,0.6,5.2
"background",455,455,16.9,0.54,2
"background",456,456,15.2,1.99,29.7
"background",457,457,17,1.98,18.3
"background",458,458,15.5,2.249,2.6
"background",459,459,17.1,1.514,13.8
"background",460,460,18.2,1.153,9.6
"background",461,461,16.3,2.249,6.5
"background",462,462,16.8,0.21,18.1
"background",463,463,16,2.74,15.8
"background",464,464,15.1,0.35,13.9
"background",465,465,19.3,1.153,14.3
"background",466,466,17.5,1.22,20.6
"background",467,467,15.1,2.249,2.9
"background",468,468,17.9,1.187,14
"background",469,469,17.2,0.875,20.7
"background",470,470,17.3,1.037,13.5
"background",471,471,12.7,0.29,9.6
"background",472,472,15.3,3.3,14.4
"background",473,473,17.2,1.22,23.4
"background",474,474,17.5,1.688,22.5
"background",475,475,15.3,0.34,11.1
"background",476,476,15.3,0.34,23
"background",477,477,15.9,0.68,11.4
"background",478,478,13.6,0.23,17.5
"background",479,479,16,0.34,13.1
"background",480,480,16.9,1.095,9.5
"background",481,481,16.2,0.758,16.3
"background",482,482,12.1,0.21,4.6
"background",483,483,15.4,0.49,10.8
"background",484,484,15.9,0.911,17.4
"background",485,485,18.7,0.88,12.3
"background",486,486,17.5,1.514,10.6
"background",487,487,18.1,0.848,7.1
"background",488,488,19.3,0.85,7.9
"background",489,489,14.1,0.8,25.1
"background",490,490,14.7,2.249,3.8
"background",491,491,17.4,0.584,0.3
"background",492,492,16.5,2.36,27.1
"background",493,493,14.4,0.24,16.9
"background",494,494,13,0.24,19.9
"background",495,495,15.1,3.3,17.4
"background",496,496,17,0.603,8.2
"background",497,497,12.8,0.98,30.9
"background",498,498,17.3,2.249,4.3
"background",499,499,17.9,1.454,15.5
"background",500,500,11.4,1.94,30.1
"background",501,501,14.5,1.41,16.6
"background",502,502,16,1.58,20.4
"background",503,503,12.2,0.26,8.7
"background",504,504,16.7,0.976,23.7
"background",505,505,15.4,2.224,2.9
"background",506,506,14.8,0.848,26.5
"background",507,507,12.8,0.29,11.4
"background",508,508,16.1,0.29,0.3
"background",509,509,15.4,3.3,11.3
"background",510,510,15.4,3.3,16.9
"background",511,511,17.5,0.847,12.6
"background",512,512,14.6,0.34,16.7
"background",513,513,16,2.84,23.4
"background",514,514,17.7,1.377,12.6
"background",515,515,13.8,0.47,12.6
"background",516,516,17.9,1.496,12.8
"background",517,517,15.8,2.81,25.4
"background",518,518,16.2,3.3,9
"background",519,519,14.7,0.55,23.2
"background",520,520,15.3,3.3,14.9
"background",521,521,14.7,0.31,11.9
"background",522,522,14.1,0.24,24.4
"background",523,523,17.7,0.999,9.3
"background",524,524,17,1.153,15.3
"background",525,525,15.6,3.3,13.7
"background",526,526,14.9,3.3,26.8
"background",527,527,18.1,1.514,7.7
"background",528,528,13.5,0.29,15.6
"background",529,529,13.7,0.76,29.1
"background",530,530,15.2,0.25,13.3
"background",531,531,18.4,0.847,5.3
