"species","x","y","SegSumT","USRainDays","USSlope"
"species",1,1,18.3,0.861,6.7
"species",2,2,17.1,0.62,0.7
"species",3,3,18.5,0.847,11.8
"species",4,4,18.3,0.862,7.9
"species",5,5,17.5,0.55,0.1
"species",6,6,16.2,1.98,0.9
"species",7,7,18.3,0.874,8.6
"species",8,8,19,0.847,3.8
"species",9,9,18.7,1.153,8.7
"species",10,10,16.1,0.75,5.7
"species",11,11,16.9,0.647,15.4
"species",12,12,17.3,1.22,19.9
"species",13,13,16.5,0.976,13.5
"species",14,14,17.3,2.145,3.9
"species",15,15,16.1,1.98,0.8
"species",16,16,17,0.39,0.3
"species",17,17,18.9,1.145,3.5
"species",18,18,19,0.847,5.9
"species",19,19,18.1,1.484,14.9
"species",20,20,18.4,1.232,9.1
"species",21,21,18.4,0.864,6.3
"species",22,22,17.9,0.847,20
"species",23,23,17.2,1.98,26.6
"species",24,24,18.1,0.906,11.8
"species",25,25,18.6,0.879,11.4
"species",26,26,14,0.46,8.4
"species",27,27,17.2,0.48,12
"species",28,28,16.7,1.98,30.8
"species",29,29,18.1,0.847,1.2
"species",30,30,16.2,0.35,0.5
"species",31,31,18.9,1.147,3.5
"species",32,32,18.1,0.847,0.8
"species",33,33,17.5,0.584,0.6
"species",34,34,17.2,0.939,13.1
"species",35,35,18.8,1.514,7.8
"species",36,36,14.7,0.33,2.5
"species",37,37,18.9,0.847,9.3
"species",38,38,18.3,0.876,9.4
"species",39,39,15.4,0.29,6.6
"species",40,40,17.1,0.48,14
"species",41,41,18.2,0.847,1.3
"species",42,42,17.9,0.847,20
"species",43,43,18.2,1.514,18
"species",44,44,18.3,0.847,13.4
"species",45,45,18.8,1.153,13.4
"species",46,46,19,0.847,10.8
"species",47,47,18.3,0.863,8.3
"species",48,48,17,0.775,17.7
"species",49,49,19.1,0.987,6.8
"species",50,50,19.5,1.151,11
"species",51,51,14.4,0.33,11.4
"species",52,52,17.9,0.874,7.9
"species",53,53,17.1,0.5,15.9
"species",54,54,18.6,1.091,2.9
"species",55,55,16.5,1.83,2.3
"species",56,56,16.3,0.964,16.3
"species",57,57,18.9,0.847,13
"species",58,58,18.5,1.143,19.4
"species",59,59,17.4,1.153,15.3
"species",60,60,13.8,0.95,19.1
"species",61,61,17,0.882,23.2
"species",62,62,14.9,0.29,12.4
"species",63,63,13.6,0.48,8
"species",64,64,18.1,0.882,15.9
"species",65,65,17.6,0.803,12.8
"species",66,66,18.4,1.269,4.2
"species",67,67,18.7,1.153,5.7
"species",68,68,18.4,1.514,9.9
"species",69,69,18.5,0.887,4.9
"species",70,70,18.9,0.847,5.5
"species",71,71,16.9,0.34,0.1
"species",72,72,17.1,0.966,24.3
"species",73,73,18.9,0.847,7.8
"species",74,74,16.3,1.705,6.3
"species",75,75,19,0.854,6.8
"species",76,76,17.9,1.381,12.5
"species",77,77,18.7,0.847,2
"species",78,78,17.7,1.435,8.3
"species",79,79,17.2,0.48,13.9
"species",80,80,19,0.847,8.8
"species",81,81,16.8,1.127,3.6
"species",82,82,18.7,0.76,2
"species",83,83,18.4,1.205,9.7
"species",84,84,16.9,0.912,15
"species",85,85,17.2,0.48,14
"species",86,86,18.7,1.153,16
"species",87,87,19,0.847,7.2
"species",88,88,17,2.215,3.6
"species",89,89,17.2,0.48,14
"species",90,90,18.3,1.161,6.8
"species",91,91,18.6,0.847,6.7
"species",92,92,18,1.374,12.2
"species",93,93,17.1,0.55,15
"species",94,94,16,0.841,25.3
"species",95,95,18.8,0.847,7.8
"species",96,96,18.7,0.847,7.3
"species",97,97,18.5,0.887,4.8
"species",98,98,17.6,1.727,1.4
"species",99,99,17.4,0.55,16.4
"species",100,100,17.3,0.929,25.6
"species",101,101,16.9,1.98,11.4
"species",102,102,19,1.045,18.7
"species",103,103,17.5,1.362,18.1
"species",104,104,17.6,0.55,0.1
"species",105,105,18.9,0.847,4.3
"species",106,106,18.4,1.221,8.3
"species",107,107,18.5,1.183,19.1
"species",108,108,16.9,1.98,9.8
"species",109,109,18.1,0.847,1.2
"species",110,110,18.3,1.003,13.7
"species",111,111,16.1,1.98,1.2
"species",112,112,16.4,0.49,0.9
"species",113,113,18.7,1.045,17.5
"species",114,114,18.7,0.847,4.2
"species",115,115,18.5,0.837,7.1
"species",116,116,19.5,1.153,11.5
"species",117,117,18.4,0.847,4.6
"species",118,118,17.1,0.48,14
"species",119,119,17,0.975,22.6
"species",120,120,18.4,1.07,8.8
"species",121,121,15.7,0.3,1.8
