"species","x","y","SegSumT","USRainDays","USSlope"
"background",1,1,16,2.47,9.8
"background",2,2,18.3,0.847,0.4
"background",3,3,16.7,0.21,0.4
"background",4,4,15.1,3.3,25.7
"background",5,5,12.7,0.43,9.6
"background",6,6,18.1,1.153,4.9
"background",7,7,18.9,0.887,9.8
"background",8,8,14.9,2.249,3.9
"background",9,9,13.4,0.77,20.1
"background",10,10,13.1,0.29,9.8
"background",11,11,15.9,0.21,0.9
"background",12,12,17,1.98,10.5
"background",13,13,15.7,3.3,2.7
"background",14,14,16.6,0.86,19
"background",15,15,14.7,0.31,15.2
"background",16,16,15.7,2.78,26.6
"background",17,17,14.6,0.34,16.7
"background",18,18,16.7,1.101,12.3
"background",19,19,16.4,0.21,25.5
"background",20,20,14.3,0.54,26.9
"background",21,21,12.8,0.36,23.6
"background",22,22,15.2,1.082,7.6
"background",23,23,13,0.24,18.9
"background",24,24,19.1,0.847,0
"background",25,25,13.2,0.21,23.2
"background",26,26,13.8,0.41,13.6
"background",27,27,17.2,0.974,7.5
"background",28,28,18.8,1.504,19.3
"background",29,29,16.5,1.98,27.4
"background",30,30,17.2,1.3,11.5
"background",31,31,16.5,0.956,23.9
"background",32,32,13.1,0.32,20.9
"background",33,33,12.8,0.33,11.5
"background",34,34,16.3,3.27,20.1
"background",35,35,16.6,2.249,2.5
"background",36,36,15.4,3.3,14.3
"background",37,37,16.4,0.21,21.3
"background",38,38,15,1.94,27.4
"background",39,39,18.5,0.847,6
"background",40,40,14.9,2.249,3.9
"background",41,41,15.3,0.79,24.7
"background",42,42,17,0.37,0.1
"background",43,43,18.8,1.512,9.3
"background",44,44,17.8,1.396,19.1
"background",45,45,17.1,1.22,23.9
"background",46,46,14.5,1.062,2.4
"background",47,47,16.7,1.22,29.5
"background",48,48,16,3.3,24.4
"background",49,49,14.7,0.28,11.4
"background",50,50,16.9,0.37,0.3
"background",51,51,12.8,0.24,10.6
"background",52,52,17.7,1.22,17.9
"background",53,53,16.9,1.21,28.4
"background",54,54,16.8,0.69,19.9
"background",55,55,16.8,0.21,10.1
"background",56,56,17.8,1.153,24.9
"background",57,57,17.4,1.22,26.2
"background",58,58,13.6,0.29,6.4
"background",59,59,15.8,3.3,7.1
"background",60,60,16.2,3.3,3.5
"background",61,61,14.3,1.4,29.1
"background",62,62,17.7,0.999,9.3
"background",63,63,16.7,0.21,16.1
"background",64,64,14.3,1.022,12.2
"background",65,65,18.6,1.153,14.1
"background",66,66,11.9,0.59,15.9
"background",67,67,17.1,0.846,15.1
"background",68,68,15.4,2.249,6.8
"background",69,69,15.1,2.249,2.4
"background",70,70,15.7,3.3,13.3
"background",71,71,14.4,0.55,23.1
"background",72,72,13.2,0.7,15.8
"background",73,73,19.4,1.074,12.4
"background",74,74,14.7,0.21,19
"background",75,75,17.2,0.67,20.8
"background",76,76,15.7,3.26,31.6
"background",77,77,15,0.21,24.4
"background",78,78,14.3,0.23,14.6
"background",79,79,13.8,0.93,12.8
"background",80,80,16.9,0.37,0.3
"background",81,81,15.9,0.21,15.6
"background",82,82,15,3.3,2.2
"background",83,83,19.4,1.153,8
"background",84,84,15.6,0.25,22.6
"background",85,85,17,1.153,11.4
"background",86,86,15.6,3.3,11.1
"background",87,87,15.3,3.3,12.5
"background",88,88,15,0.53,20.2
"background",89,89,17.4,0.35,21.1
"background",90,90,15.3,0.21,7.5
"background",91,91,16.3,0.762,12
"background",92,92,16.5,1.153,8.1
"background",93,93,12.3,0.29,6.4
"background",94,94,17.8,1.112,10.3
"background",95,95,18.4,1.514,17.4
"background",96,96,18,0.847,17.3
"background",97,97,15.4,3.3,14.9
"background",98,98,16.3,1.2,26.4
"background",99,99,14.3,0.29,12.3
"background",100,100,15,2.57,18
"background",101,101,16.5,1.98,9.4
"background",102,102,14.2,0.23,14.3
"background",103,103,13.2,0.87,23.6
"background",104,104,15.3,0.21,22.3
"background",105,105,17.9,1.514,23
"background",106,106,16.2,1,26
"background",107,107,15.6,3.3,27.6
"background",108,108,13.5,0.8,24.9
"background",109,109,13.6,0.21,13.1
"background",110,110,18.9,0.847,9.4
"background",111,111,15.9,1.143,24.4
"background",112,112,17.3,1.98,30.4
"background",113,113,13.8,1.029,12.8
"background",114,114,13.5,0.65,21
"background",115,115,14.2,1.1,27.2
"background",116,116,15.2,3.3,3.8
"background",117,117,13.4,0.65,18.6
"background",118,118,17.2,0.985,10.6
"background",119,119,16.9,1.465,1.2
"background",120,120,17.1,0.848,16.5
"background",121,121,15.3,0.28,21.7
"background",122,122,18.3,0.881,7.7
"background",123,123,16,3.16,18.1
"background",124,124,18.8,1.153,14.2
"background",125,125,18.5,1.256,22.8
"background",126,126,16.2,2.191,9.4
"background",127,127,16.6,1.98,17.3
"background",128,128,14.1,1.11,19.5
"background",129,129,17.1,1.22,30.1
"background",130,130,15.4,3.3,7.1
"background",131,131,13.2,0.29,12.8
"background",132,132,15.6,3.3,13.1
"background",133,133,18.4,1.153,15.5
"background",134,134,16.5,0.867,15.2
"background",135,135,15,3.3,26
"background",136,136,15.7,3.3,8.5
"background",137,137,17,0.849,13
"background",138,138,16.7,1.98,17.8
"background",139,139,15.6,0.54,28.7
"background",140,140,17.1,1.22,23.4
"background",141,141,17.2,1.98,16.6
"background",142,142,18,0.907,14.1
"background",143,143,18.6,0.994,9.2
"background",144,144,12.1,0.29,12.5
"background",145,145,17.8,1.35,9.5
"background",146,146,15.1,1.22,16
"background",147,147,16.9,0.87,22.3
"background",148,148,18.2,1.206,13.9
"background",149,149,11.7,0.21,14.4
"background",150,150,15.2,0.33,3.6
"background",151,151,17.2,1.153,13.6
"background",152,152,15.2,3.3,11.8
"background",153,153,14.5,1.75,13.1
"background",154,154,16,0.34,13.1
"background",155,155,13.4,0.21,5.6
"background",156,156,17,1.98,23
"background",157,157,19.1,0.996,6.9
"background",158,158,15,0.37,0.3
"background",159,159,15.9,3.3,11.1
"background",160,160,15.2,3.3,12.5
"background",161,161,18,1.257,6.9
"background",162,162,18.1,0.878,7.9
"background",163,163,18.4,0.847,9.3
"background",164,164,18.3,0.847,9.7
"background",165,165,15,0.36,23.5
"background",166,166,14.6,1.23,20.4
"background",167,167,18.4,2.166,13.9
"background",168,168,15.7,1.98,30.1
"background",169,169,15.7,3.3,14.6
"background",170,170,17.1,0.21,20.7
"background",171,171,17.5,1.03,28.4
"background",172,172,13.8,0.21,15.5
"background",173,173,14.1,1.34,26.1
"background",174,174,16.2,2.249,8.1
"background",175,175,18.6,1.321,13.9
"background",176,176,16.5,1.153,14.8
"background",177,177,18.7,0.872,18
"background",178,178,16.9,0.55,26.6
"background",179,179,15.1,0.8,22.3
"background",180,180,17.2,1.23,13.9
"background",181,181,14.2,0.38,21.2
"background",182,182,18.2,0.894,1.1
"background",183,183,13,0.32,22.1
"background",184,184,17.4,1.461,8.3
"background",185,185,18.6,0.847,9.2
"background",186,186,16.5,0.52,17.3
"background",187,187,12.4,0.29,8.4
"background",188,188,17.9,1.513,19.4
"background",189,189,18.1,0.858,3
"background",190,190,14.6,1.86,2.3
"background",191,191,17,1.975,2.1
"background",192,192,16.2,2.36,27.1
"background",193,193,12.3,0.74,25.2
"background",194,194,15.8,3.03,7.2
"background",195,195,18.2,0.847,1
"background",196,196,17.2,2.249,10.9
"background",197,197,18.2,0.897,0.3
"background",198,198,12.8,0.29,12.9
"background",199,199,18.7,1.153,18.8
"background",200,200,13.9,0.34,0.3
"background",201,201,15.9,0.34,13.1
"background",202,202,13.3,2.65,28.9
"background",203,203,15.9,3.3,6.9
"background",204,204,15.4,2.224,2.9
"background",205,205,15.4,0.34,13.7
"background",206,206,15.7,3.3,14.1
"background",207,207,16.1,1.98,13.3
"background",208,208,14.6,1.127,20.3
"background",209,209,17.1,1.023,3.9
"background",210,210,16,0.991,12.4
"background",211,211,14.2,0.41,6.9
"background",212,212,16.6,0.976,21.3
"background",213,213,13.7,0.31,23.4
"background",214,214,15.4,1.98,24.2
"background",215,215,16.5,0.607,9.9
"background",216,216,15.8,3.3,4.2
"background",217,217,17.2,1.263,8.4
"background",218,218,16.2,0.21,18.2
"background",219,219,14.2,0.44,26
"background",220,220,14.8,0.21,1.8
"background",221,221,18.9,1.153,10.1
"background",222,222,15.2,3.3,12
"background",223,223,15.4,0.77,25.1
"background",224,224,15.7,1.153,23.8
"background",225,225,13.3,0.29,21.7
"background",226,226,16.4,2.144,2.5
"background",227,227,13.5,0.23,17.6
"background",228,228,17.7,0.992,12.1
"background",229,229,17.1,1.053,9.4
"background",230,230,16.4,0.21,5.1
"background",231,231,16.3,0.21,10.8
"background",232,232,17.1,1.301,7.4
"background",233,233,14.1,1.11,30.5
"background",234,234,17.6,1.313,19
"background",235,235,19,0.847,8.4
"background",236,236,17,0.39,0.2
"background",237,237,18,1.514,7.5
"background",238,238,13.9,1.98,10.7
"background",239,239,18.2,1.141,21.1
"background",240,240,15.9,3.3,11.1
"background",241,241,16,0.3,0.9
"background",242,242,15.2,0.25,13.3
"background",243,243,18.5,1.514,9.4
"background",244,244,12,0.29,12.8
"background",245,245,13.7,0.41,2.8
"background",246,246,17.2,1.514,14.9
"background",247,247,16.9,0.771,10.6
"background",248,248,18.9,1.047,16
"background",249,249,15.4,3.3,15.2
"background",250,250,12.9,0.29,6.2
"background",251,251,15.7,1.98,18.1
"background",252,252,15.7,0.21,14.9
"background",253,253,14.1,1.06,30.7
"background",254,254,18.4,1.153,17.5
"background",255,255,12.7,0.26,17.2
"background",256,256,16.9,1.22,20.6
"background",257,257,17.1,1.1,22
"background",258,258,12.9,0.36,8.3
"background",259,259,16.5,1.153,27.8
"background",260,260,15.2,2.249,4.3
"background",261,261,18.4,1.514,14.1
"background",262,262,15.6,1.87,23.1
"background",263,263,14.6,0.21,15.8
"background",264,264,16.8,1.98,20.1
"background",265,265,18.1,1.464,8.3
"background",266,266,18.8,1.147,19.5
"background",267,267,15.1,2.249,4.2
"background",268,268,14,0.29,10.1
"background",269,269,16.9,1.22,26.5
"background",270,270,15.4,3.3,21.8
"background",271,271,13.8,0.8,23
"background",272,272,17,0.42,2.3
"background",273,273,13,1.98,11
"background",274,274,17.1,1.04,27.6
"background",275,275,18.3,0.847,13.4
"background",276,276,16.4,0.866,19.7
"background",277,277,15.2,0.834,8.7
"background",278,278,17.5,0.761,2.8
"background",279,279,17.2,1.22,19.8
"background",280,280,15.8,0.21,11.3
"background",281,281,15.6,0.882,24.7
"background",282,282,18.1,1.514,13.6
"background",283,283,15.5,0.29,22.3
"background",284,284,15.7,3.3,27.9
"background",285,285,17.6,0.584,14.5
"background",286,286,18.9,1.72,29.2
"background",287,287,18.9,0.959,5.9
"background",288,288,16.6,0.21,11.9
"background",289,289,14.1,1.58,25.6
"background",290,290,13.5,0.29,8
"background",291,291,14.4,1.3,20.8
"background",292,292,17.4,1.751,12.7
"background",293,293,14.3,0.29,22.8
"background",294,294,15.8,0.21,16
"background",295,295,14,0.61,28.1
"background",296,296,14.2,0.21,18.3
"background",297,297,18.7,1.514,8.6
"background",298,298,14.1,1.61,26.8
"background",299,299,17.9,1.875,10.8
"background",300,300,19.6,1.153,13.7
"background",301,301,16.1,0.55,25.1
"background",302,302,14.6,1.45,30.8
"background",303,303,16.1,0.21,17.4
"background",304,304,15.3,3.3,15.3
"background",305,305,12,0.29,16.5
"background",306,306,14,2.4,14.3
"background",307,307,15.6,3.3,23
"background",308,308,14.5,3.3,31.9
"background",309,309,13.5,0.21,18
"background",310,310,17.7,1.509,13
"background",311,311,15.7,0.55,13.2
"background",312,312,18.1,1.514,12.1
"background",313,313,18.1,0.847,1.9
"background",314,314,17.2,1.98,21.9
"background",315,315,18.6,1.514,23.3
"background",316,316,15.9,0.96,27.4
"background",317,317,15.5,0.33,13.6
"background",318,318,15.4,3.3,3.7
"background",319,319,10.7,0.33,8.4
"background",320,320,16.9,1.953,3.5
"background",321,321,16.9,1.514,16.9
"background",322,322,14.1,0.33,12.8
"background",323,323,14.4,0.21,7.7
"background",324,324,18.6,1.072,10.4
"background",325,325,16.1,0.24,7.8
"background",326,326,17.8,0.847,8.3
"background",327,327,13.8,0.29,6.9
"background",328,328,15.9,0.861,21.5
"background",329,329,18.7,1.514,12.9
"background",330,330,14.4,0.29,8.8
"background",331,331,14,0.77,25.8
"background",332,332,14,0.41,7.8
"background",333,333,18.2,1.514,17.3
"background",334,334,14.2,0.34,5.3
"background",335,335,16,0.21,17.6
"background",336,336,15.6,3.3,2.5
"background",337,337,17.2,1.505,13.2
"background",338,338,18,1.039,10.2
"background",339,339,16.2,0.21,20.5
"background",340,340,18,1.149,15.1
"background",341,341,14,0.41,8.2
"background",342,342,17.1,1.782,26.1
"background",343,343,15.7,1.041,14
"background",344,344,14,0.21,22.1
"background",345,345,19.6,1.153,12.3
"background",346,346,15.6,3.3,10.7
"background",347,347,16.5,1.22,17.3
"background",348,348,13.8,0.23,23.4
"background",349,349,15.7,3.3,0.6
"background",350,350,18.7,0.986,15.5
"background",351,351,16.8,0.21,10.1
"background",352,352,13.6,1.16,30.5
"background",353,353,18,0.934,9.8
"background",354,354,18.9,0.847,9.5
"background",355,355,15.7,1.22,17.2
"background",356,356,17,1.22,19.5
"background",357,357,12.5,0.21,4.5
"background",358,358,15.8,1.22,25.6
"background",359,359,13.6,0.64,3.8
"background",360,360,16.3,1.2,26.4
"background",361,361,15.4,3.3,28.5
"background",362,362,16,2.243,1.3
"background",363,363,12.5,0.83,18.4
"background",364,364,16.9,0.846,17.3
"background",365,365,15.1,0.34,18
"background",366,366,17.4,1.22,21.7
"background",367,367,18.5,1.067,12.4
"background",368,368,15.1,0.3,11.2
"background",369,369,14,0.29,6.7
"background",370,370,16.2,0.55,23.8
"background",371,371,18.2,1.226,6
"background",372,372,15.3,3.3,30.2
"background",373,373,15.9,3.3,11.6
"background",374,374,18.9,0.887,9.8
"background",375,375,13.8,0.36,11.8
"background",376,376,18.9,0.893,10.4
"background",377,377,18.8,1.321,14
"background",378,378,10.1,0.29,7.1
"background",379,379,15.5,3.3,10.1
"background",380,380,16.7,1.98,10.8
"background",381,381,14.9,0.34,11.6
"background",382,382,16.4,0.957,23.1
"background",383,383,16.4,0.76,5.4
"background",384,384,16.2,0.28,22.2
"background",385,385,17.5,0.65,0.1
"background",386,386,15,1.059,9.9
"background",387,387,16,1.153,6.8
"background",388,388,18.3,0.85,1.1
"background",389,389,18.1,1.009,12.1
"background",390,390,16.4,0.866,22.6
"background",391,391,15.9,0.34,13.1
"background",392,392,14,1.153,24.7
"background",393,393,15.8,3.3,5
"background",394,394,17.3,1.98,17.3
"background",395,395,17,1.22,14.4
"background",396,396,15.6,3.3,27.6
"background",397,397,16.2,2.97,9.3
"background",398,398,16.5,1.98,15.8
"background",399,399,13.7,0.52,18.2
"background",400,400,15.7,0.811,24.3
"background",401,401,17,1.22,32
"background",402,402,15.6,0.76,23.3
"background",403,403,18.2,2.206,14.5
"background",404,404,14.2,0.32,11
"background",405,405,18.9,0.887,9.8
"background",406,406,18,1.039,10.2
"background",407,407,16.9,0.55,25.6
"background",408,408,15.5,0.29,13.3
"background",409,409,18.3,1.514,18.1
"background",410,410,17.5,1.505,20.6
"background",411,411,14,1.98,29
"background",412,412,12.9,1.39,28
"background",413,413,13.6,0.3,13.4
"background",414,414,15,1.22,19.8
"background",415,415,18.6,1.333,16.8
"background",416,416,16.9,0.976,12.8
"background",417,417,14.4,0.29,10.1
"background",418,418,15.2,2.68,26.1
"background",419,419,15.6,3.3,14.4
"background",420,420,17.5,1.191,11.7
"background",421,421,15.6,2.236,3.6
"background",422,422,13.9,0.97,18.6
"background",423,423,17,1.514,23.4
"background",424,424,17.7,0.584,20.7
"background",425,425,16.4,1.514,24.6
"background",426,426,14.7,1.646,22.4
"background",427,427,14.7,1.47,1.5
"background",428,428,18.4,1.514,15
"background",429,429,15.3,2.234,6.7
"background",430,430,19.3,1.153,16
"background",431,431,16.6,0.976,19.8
"background",432,432,14,0.35,6.4
"background",433,433,16.9,0.97,28.5
"background",434,434,14.7,1.19,23.7
"background",435,435,18.9,0.999,4.9
"background",436,436,14.9,1.98,29
"background",437,437,18.2,0.85,17.6
"background",438,438,18.8,1.015,0.1
"background",439,439,15.7,2.81,28.4
"background",440,440,15.4,2.25,10.3
"background",441,441,12.3,0.29,8.5
"background",442,442,13.5,1.98,18.2
"background",443,443,18,0.847,17
"background",444,444,19,0.847,5
"background",445,445,14.7,3.3,16.3
"background",446,446,15.7,3.3,6.4
"background",447,447,15.8,0.22,11.2
"background",448,448,18.6,0.847,11.2
"background",449,449,18.9,0.893,9.7
"background",450,450,18.8,0.847,7.3
"background",451,451,19.6,1.153,10.2
"background",452,452,18.5,1.357,17.7
"background",453,453,16.2,0.56,27.2
"background",454,454,17.4,1.079,11.8
"background",455,455,15,2.07,16.6
"background",456,456,16.8,1.156,5.1
"background",457,457,15.1,2.33,19.4
"background",458,458,17.7,0.847,16.7
"background",459,459,17.9,1.153,12.3
"background",460,460,18,0.847,11.2
"background",461,461,18.6,0.847,2.2
"background",462,462,16,0.21,10.8
"background",463,463,17.1,1.23,13.4
"background",464,464,15.4,0.976,24.6
"background",465,465,16.3,1.98,16.3
"background",466,466,15.5,1.1,3.6
"background",467,467,15.8,3.3,16.4
"background",468,468,13,1.98,10.8
"background",469,469,16.1,3.12,22.2
"background",470,470,13.6,0.29,6.4
"background",471,471,15.2,3.3,11.7
"background",472,472,13.6,2.7,31
"background",473,473,18.6,2.135,5.3
"background",474,474,16.6,1.22,26.6
"background",475,475,19.3,1.071,11
"background",476,476,13.8,2.93,30.9
"background",477,477,18.7,1.153,14
"background",478,478,15.9,0.29,28.9
"background",479,479,17.3,0.929,25.6
"background",480,480,14.1,1.7,27.4
"background",481,481,16.8,1.22,27.6
"background",482,482,16.3,1.153,20.2
"background",483,483,15.4,3.3,28.6
"background",484,484,16.9,1.22,21.6
"background",485,485,15.4,3.3,11.3
"background",486,486,13.7,0.31,18.9
"background",487,487,18.3,1.514,20.7
"background",488,488,16.4,1.153,9.1
"background",489,489,13.8,0.41,11.2
"background",490,490,14.6,0.26,15.3
"background",491,491,19.5,1.153,5.6
"background",492,492,18.1,1.193,14.1
"background",493,493,12.8,0.29,12.9
"background",494,494,16.9,0.673,0.5
"background",495,495,15.4,0.22,23.9
"background",496,496,18.4,0.847,13.1
"background",497,497,17.4,1.22,22.6
"background",498,498,18.2,1.153,24.4
"background",499,499,17.4,1.176,15.6
"background",500,500,14.1,0.21,17.2
"background",501,501,15,1.059,9.9
"background",502,502,19.3,1.153,20.1
"background",503,503,18.9,0.893,9.7
"background",504,504,15.7,3.3,13.5
"background",505,505,18.4,1.514,9.9
"background",506,506,19.1,0.847,6.7
"background",507,507,13.6,1,30.3
"background",508,508,14.1,0.29,23.8
"background",509,509,16.9,0.852,28.4
"background",510,510,17.5,1.145,16.7
"background",511,511,18.6,1.153,15.8
"background",512,512,15,2.07,16.6
"background",513,513,18.1,1.514,28.9
"background",514,514,13.8,0.79,26.4
"background",515,515,12.3,0.8,26.1
"background",516,516,18.3,1.514,21.1
"background",517,517,19.2,1.153,12
"background",518,518,16.4,1.22,24.8
"background",519,519,15.7,0.21,20.1
"background",520,520,15.5,0.886,12.2
"background",521,521,18.7,0.995,13.7
"background",522,522,16.5,0.64,16.8
"background",523,523,18.5,1.457,19.4
"background",524,524,16.1,3.26,10.3
"background",525,525,14,1.98,12.6
"background",526,526,15.5,1.87,23.1
"background",527,527,17.7,1.514,15.7
"background",528,528,16.7,1.98,22
"background",529,529,13.6,0.64,20.7
"background",530,530,15.7,0.21,18.5
"background",531,531,16.4,1.424,15.5
"background",532,532,15.7,1.22,26.7
"background",533,533,13.9,0.21,9.7
"background",534,534,13.7,0.21,22
"background",535,535,15.9,0.29,20.6
"background",536,536,18.2,1.396,18.3
"background",537,537,12.1,0.29,7
"background",538,538,16.1,1.966,1.9
"background",539,539,18.7,1.153,14
"background",540,540,15.3,1.94,22.8
"background",541,541,15.5,3.3,32.7
"background",542,542,15.1,0.29,19.5
"background",543,543,16.9,1.514,24.7
"background",544,544,17,1.514,21.9
"background",545,545,16.5,1.207,7.6
"background",546,546,13.3,0.29,17.9
"background",547,547,16.6,1.98,22.3
"background",548,548,14.4,0.29,13
"background",549,549,16.9,1.514,21.2
"background",550,550,15.4,0.881,22.9
"background",551,551,13.9,0.29,24.9
"background",552,552,18.7,0.85,4.2
"background",553,553,16.8,1.22,20
"background",554,554,14,0.45,9.5
"background",555,555,17.1,1.63,24.9
"background",556,556,16,3.27,9.8
"background",557,557,15.9,2.73,20
"background",558,558,16.3,2.249,6.5
"background",559,559,16.9,1.153,11.8
"background",560,560,16.1,0.54,15.7
"background",561,561,17.2,2.198,3
"background",562,562,18.2,1.514,15.1
"background",563,563,19.4,0.85,11.3
"background",564,564,16,2.249,8.7
"background",565,565,15.9,0.29,4.4
"background",566,566,14.9,0.95,29.7
"background",567,567,15.9,2.84,18.4
"background",568,568,15.2,0.823,22.2
"background",569,569,15.7,1.111,22.9
"background",570,570,16.5,1.153,12.6
"background",571,571,14.1,1.97,28.8
"background",572,572,15.2,0.29,8.4
"background",573,573,18.5,1.473,15.2
"background",574,574,16.8,0.21,10.1
"background",575,575,17.6,1.567,29.7
"background",576,576,14,0.29,7.5
"background",577,577,16.1,0.53,17.9
"background",578,578,16.5,0.21,18.2
"background",579,579,16.5,0.27,22.6
"background",580,580,16.3,0.781,8.4
"background",581,581,18.1,1.274,24.6
"background",582,582,14.9,3.3,16.8
"background",583,583,12.5,0.3,8
"background",584,584,15.1,0.34,23.6
"background",585,585,18.8,1.513,22.8
"background",586,586,14.8,2.249,18.1
"background",587,587,18.4,0.864,6.3
"background",588,588,19,0.847,8.4
"background",589,589,11.9,0.29,8.1
"background",590,590,14.9,2.247,11.8
"background",591,591,14.3,0.35,10.2
"background",592,592,18.1,1.217,14.8
"background",593,593,17.3,1.98,24.3
"background",594,594,15.4,3.3,21.8
"background",595,595,15.1,0.9,31.4
"background",596,596,15.6,3.25,14.6
"background",597,597,14.9,2.249,3.9
"background",598,598,15.6,3.3,11.3
"background",599,599,15.7,3.3,15.3
"background",600,600,15.2,3.3,11.8
"background",601,601,18.6,0.847,4.3
"background",602,602,17.2,1.514,7.4
"background",603,603,18.8,1.153,8.1
"background",604,604,15.6,3.3,13.1
"background",605,605,16.8,0.976,18.6
"background",606,606,11.2,0.26,15.7
"background",607,607,15.9,0.21,18.3
"background",608,608,15.8,3.3,31.8
"background",609,609,16.7,1.85,28.6
"background",610,610,16.6,1.82,28.7
"background",611,611,17,0.65,31.1
"background",612,612,15.1,2.08,28.1
"background",613,613,14.8,1.07,11
"background",614,614,18.9,1.153,18.4
"background",615,615,16.1,1.153,24.4
"background",616,616,15.4,3.3,14.3
"background",617,617,12.8,0.29,4.8
"background",618,618,15.6,3.25,14.6
"background",619,619,18.7,2.249,15.3
"background",620,620,15.7,3.19,18.1
"background",621,621,15.6,0.859,27.4
"background",622,622,18.3,0.847,9.4
"background",623,623,16,0.55,20.6
"background",624,624,18.5,0.847,9.4
"background",625,625,17.2,0.21,19.5
"background",626,626,18.4,1.514,18.7
"background",627,627,14.7,0.38,13.6
"background",628,628,16.5,1.27,23.1
"background",629,629,12.6,0.22,2.4
"background",630,630,18.2,1.514,18.9
"background",631,631,14.5,2.59,32.6
"background",632,632,15.7,1.04,27.1
"background",633,633,18.9,0.893,10.4
"background",634,634,16.2,2.36,27.1
"background",635,635,16.5,1.22,22.4
"background",636,636,14.6,3.3,33.5
"background",637,637,15.9,0.881,22.4
"background",638,638,18.6,2.249,18.7
"background",639,639,18.6,0.847,1.8
"background",640,640,15.1,0.29,8.9
"background",641,641,17.9,1.027,14
"background",642,642,18.8,1.514,8.3
"background",643,643,18.4,1.118,18.4
"background",644,644,17.4,1.514,3.4
"background",645,645,14.9,0.38,10.2
"background",646,646,14.2,0.29,21.3
"background",647,647,15.5,0.64,22.2
"background",648,648,15.9,1.153,26.2
"background",649,649,13.4,0.35,22.7
"background",650,650,17.6,1.159,13.5
"background",651,651,17.2,1.22,22.1
"background",652,652,16.3,0.28,1.5
"background",653,653,18.9,0.887,9.8
"background",654,654,15.2,1.87,31.1
"background",655,655,15.7,2.76,14.3
"background",656,656,18.2,1.153,14.3
"background",657,657,16,0.34,13.1
"background",658,658,17.8,0.847,18.1
"background",659,659,15.3,3.3,15.6
"background",660,660,14.8,2.09,28.2
"background",661,661,18.6,1.153,5
"background",662,662,17.2,1.22,20
"background",663,663,15.4,3.3,10.9
"background",664,664,15.8,0.29,0.9
"background",665,665,15.5,2.53,2.6
"background",666,666,14.2,1.84,24.6
"background",667,667,15,3.3,23.2
"background",668,668,15.4,3.3,14.4
"background",669,669,15.9,2.59,18.7
"background",670,670,18,0.601,19.5
"background",671,671,16.3,0.21,15.8
"background",672,672,14.8,0.49,12.8
"background",673,673,13.9,0.21,25.5
"background",674,674,18.7,0.847,5.4
"background",675,675,14.3,1.44,29.9
"background",676,676,16.5,0.6,5.2
"background",677,677,15.2,3.3,3.8
"background",678,678,18.4,0.902,13.2
"background",679,679,16.9,0.54,2
"background",680,680,13.5,0.83,27.2
"background",681,681,15.2,1.99,29.7
"background",682,682,18.3,2.177,14.1
"background",683,683,17,1.98,18.3
"background",684,684,15.5,2.249,2.6
"background",685,685,17.1,1.514,13.8
"background",686,686,17.3,1.514,16.9
"background",687,687,18.2,1.153,9.6
"background",688,688,18.8,1.514,3.9
"background",689,689,18.5,1.514,20.7
"background",690,690,16.3,2.249,6.5
"background",691,691,16.8,0.21,18.1
"background",692,692,16.7,1.98,30.8
"background",693,693,16,2.74,15.8
"background",694,694,19.1,0.847,6.8
"background",695,695,15.1,0.35,13.9
"background",696,696,19.3,1.153,14.3
"background",697,697,17.5,1.22,20.6
"background",698,698,15.1,2.249,2.9
"background",699,699,17.9,1.187,14
"background",700,700,17.2,0.875,20.7
"background",701,701,17.8,0.723,21.8
"background",702,702,17.3,1.037,13.5
"background",703,703,15.6,0.21,19.5
"background",704,704,15.8,0.787,25.3
"background",705,705,17.2,0.847,7.8
"background",706,706,17.5,1.215,21.1
"background",707,707,12.7,0.29,9.6
"background",708,708,17,0.65,31.1
"background",709,709,15.3,3.3,14.4
"background",710,710,14,2.04,29
"background",711,711,17.2,1.22,23.4
"background",712,712,17.5,1.688,22.5
"background",713,713,15.3,0.34,11.1
"background",714,714,15.3,0.34,23
"background",715,715,15.9,0.68,11.4
"background",716,716,15.3,0.77,25.4
"background",717,717,14.3,1.17,20.3
"background",718,718,16.2,0.56,27.2
"background",719,719,13.6,0.23,17.5
"background",720,720,17,1.153,13.8
"background",721,721,16.2,0.976,21.7
"background",722,722,14.7,0.27,9.7
"background",723,723,16,0.34,13.1
"background",724,724,16.9,1.095,9.5
"background",725,725,13,1.98,8.5
"background",726,726,16.2,0.758,16.3
"background",727,727,13.2,0.3,6.4
"background",728,728,16.2,1.149,16.4
"background",729,729,18.6,1.153,14.9
"background",730,730,12.1,0.21,4.6
"background",731,731,15.4,0.49,10.8
"background",732,732,15.9,0.911,17.4
"background",733,733,16.1,0.29,1.9
"background",734,734,17.3,1.22,24.1
"background",735,735,14.8,0.55,21.2
"background",736,736,18.7,0.88,12.3
"background",737,737,17.5,1.514,10.6
"background",738,738,18.1,0.848,7.1
"background",739,739,19.3,0.85,7.9
"background",740,740,14.1,0.8,25.1
"background",741,741,14.7,2.249,3.8
"background",742,742,17.4,0.584,0.3
"background",743,743,16.1,0.21,4.4
"background",744,744,16.5,2.36,27.1
"background",745,745,14.4,0.24,16.9
"background",746,746,17.4,1.22,25.1
"background",747,747,13,0.24,19.9
"background",748,748,18.7,0.847,10.8
"background",749,749,15.1,3.3,17.4
"background",750,750,17,0.603,8.2
"background",751,751,12.8,0.98,30.9
"background",752,752,17.3,2.249,4.3
"background",753,753,17.9,1.454,15.5
"background",754,754,11.4,1.94,30.1
"background",755,755,14.5,0.29,8.4
"background",756,756,14.5,1.41,16.6
"background",757,757,16,1.58,20.4
"background",758,758,12.2,0.26,8.7
"background",759,759,16.7,0.976,23.7
"background",760,760,15.4,2.224,2.9
"background",761,761,13.9,0.29,6.9
"background",762,762,14.8,0.848,26.5
"background",763,763,18.3,1.153,17.3
"background",764,764,12.8,0.29,11.4
"background",765,765,16.5,0.888,11.3
"background",766,766,15.1,0.34,23.6
"background",767,767,16.1,0.29,0.3
"background",768,768,15.4,3.3,11.3
"background",769,769,15.4,3.3,16.9
"background",770,770,17.5,0.847,12.6
"background",771,771,14.6,0.34,16.7
"background",772,772,16,2.84,23.4
"background",773,773,17.7,1.377,12.6
"background",774,774,13.8,0.47,12.6
"background",775,775,17.9,1.496,12.8
"background",776,776,15.8,2.81,25.4
"background",777,777,16.2,3.3,9
"background",778,778,14.7,0.55,23.2
"background",779,779,15.3,3.3,14.9
"background",780,780,14.4,0.29,9.6
"background",781,781,13.6,0.23,25.9
"background",782,782,14.7,0.31,11.9
"background",783,783,18.8,1.003,15.8
"background",784,784,14.1,0.24,24.4
"background",785,785,17,1.22,22.5
"background",786,786,17.7,0.999,9.3
"background",787,787,14.9,1.54,30.5
"background",788,788,17,1.153,15.3
"background",789,789,15.6,3.3,13.7
"background",790,790,15.1,3.3,12.5
"background",791,791,14.9,3.3,26.8
"background",792,792,17.2,2.249,16.9
"background",793,793,18.1,1.514,7.7
"background",794,794,13.5,0.29,15.6
"background",795,795,13.7,0.76,29.1
"background",796,796,15.2,0.25,13.3
"background",797,797,18.4,0.847,5.3
"background",798,798,14.7,0.31,14.5
