"species","x","y","SegSumT","USRainDays","USSlope"
"species",1,1,18.7,1.153,8.3
"species",2,2,17.2,1.98,21.9
"species",3,3,18.2,0.847,20.5
"species",4,4,18.3,0.861,6.7
"species",5,5,17.1,0.62,0.7
"species",6,6,18.5,0.847,11.8
"species",7,7,18.3,0.862,7.9
"species",8,8,17,0.911,17.3
"species",9,9,17.5,0.55,0.1
"species",10,10,16.2,1.98,0.9
"species",11,11,18.2,0.847,20.5
"species",12,12,18.3,0.874,8.6
"species",13,13,19,0.847,3.8
"species",14,14,18.8,1.513,8.5
"species",15,15,16.9,0.35,10.5
"species",16,16,18.7,1.153,8.7
"species",17,17,16.1,0.75,5.7
"species",18,18,16.9,0.647,15.4
"species",19,19,18.6,1.153,20.8
"species",20,20,17.3,1.22,19.9
"species",21,21,16.5,0.976,13.5
"species",22,22,17.3,2.145,3.9
"species",23,23,18.9,1.445,14.8
"species",24,24,16.1,1.98,0.8
"species",25,25,17,0.39,0.3
"species",26,26,19.1,0.847,1.5
"species",27,27,18.2,0.888,1.1
"species",28,28,18.9,1.145,3.5
"species",29,29,19,0.847,5.9
"species",30,30,18.1,1.484,14.9
"species",31,31,18.5,0.847,7
"species",32,32,18.4,1.232,9.1
"species",33,33,16.2,1.047,15
"species",34,34,18.7,1.153,14.5
"species",35,35,19,0.847,2.3
"species",36,36,18.4,0.864,6.3
"species",37,37,17.9,0.847,20
"species",38,38,18.8,1.514,5.1
"species",39,39,18.8,1.153,16.9
"species",40,40,17.2,1.98,26.6
"species",41,41,17.8,0.926,14.7
"species",42,42,18.1,0.906,11.8
"species",43,43,18.6,0.879,11.4
"species",44,44,17,0.638,0.5
"species",45,45,18.4,1.514,16.7
"species",46,46,14,0.46,8.4
"species",47,47,17.2,0.48,12
"species",48,48,14.9,0.29,13.6
"species",49,49,16.7,1.98,30.8
"species",50,50,18.1,0.847,1.2
"species",51,51,16.2,0.35,0.5
"species",52,52,18.9,1.147,3.5
"species",53,53,18.5,1.153,20.7
"species",54,54,18.1,0.847,0.8
"species",55,55,17.5,0.584,0.6
"species",56,56,17.2,0.939,13.1
"species",57,57,18.8,1.514,7.8
"species",58,58,17.6,1.167,14
"species",59,59,14.7,0.33,2.5
"species",60,60,17.6,0.76,8.5
"species",61,61,18.8,1.153,15.3
"species",62,62,18.9,0.847,9.3
"species",63,63,18.3,0.876,9.4
"species",64,64,15.4,0.29,6.6
"species",65,65,17.1,0.48,14
"species",66,66,18.7,0.847,4.4
"species",67,67,19,1.199,13.8
"species",68,68,18.2,0.847,1.3
"species",69,69,16,2.232,4.9
"species",70,70,15,3.3,14.7
"species",71,71,17.9,0.847,20
"species",72,72,18.3,0.876,9.4
"species",73,73,18.2,1.514,18
"species",74,74,18.3,0.847,13.4
"species",75,75,19,0.847,5
"species",76,76,18.8,1.153,13.4
"species",77,77,18.3,0.847,9.7
"species",78,78,17.6,2.117,3.8
"species",79,79,19,0.847,10.8
"species",80,80,18.3,0.863,8.3
"species",81,81,18.7,1.149,16.2
"species",82,82,17,0.775,17.7
"species",83,83,19.1,0.987,6.8
"species",84,84,19.5,1.151,11
"species",85,85,14.4,0.33,11.4
"species",86,86,17.9,0.874,7.9
"species",87,87,17.1,0.5,15.9
"species",88,88,19.1,0.847,6.8
"species",89,89,18.6,1.091,2.9
"species",90,90,18.3,1.044,9.2
"species",91,91,16.5,1.83,2.3
"species",92,92,16.3,0.964,16.3
"species",93,93,18.9,0.847,13
"species",94,94,18.5,1.143,19.4
"species",95,95,17.1,1.98,3.3
"species",96,96,17.4,1.153,15.3
"species",97,97,13.8,0.95,19.1
"species",98,98,17,0.882,23.2
"species",99,99,14.9,0.29,12.4
"species",100,100,13.6,0.48,8
"species",101,101,18.1,0.882,15.9
"species",102,102,17.6,0.803,12.8
"species",103,103,18.4,1.269,4.2
"species",104,104,18.3,0.847,14.2
"species",105,105,18.7,1.153,5.7
"species",106,106,18.4,1.122,9.3
"species",107,107,18.1,1.189,14.4
"species",108,108,18.4,1.514,9.9
"species",109,109,18.5,0.887,4.9
"species",110,110,18.9,0.847,5.5
"species",111,111,16.9,0.34,0.1
"species",112,112,17.1,0.966,24.3
"species",113,113,18.7,1.153,10.5
"species",114,114,17.2,0.769,17.3
"species",115,115,18.9,0.847,7.8
"species",116,116,16.3,1.705,6.3
"species",117,117,19,0.854,6.8
"species",118,118,17.9,1.381,12.5
"species",119,119,18.7,0.847,2
"species",120,120,17.7,1.435,8.3
"species",121,121,17.2,0.48,13.9
"species",122,122,18.3,1.514,26.3
"species",123,123,18.5,1.059,8.7
"species",124,124,19,0.847,8.8
"species",125,125,18.7,0.847,2.3
"species",126,126,16.8,1.127,3.6
"species",127,127,18.7,2.249,12.2
"species",128,128,18.7,0.76,2
"species",129,129,18.4,1.205,9.7
"species",130,130,16.8,0.55,16
"species",131,131,16.9,0.912,15
"species",132,132,17.2,0.48,14
"species",133,133,18.7,1.153,16
"species",134,134,19,0.847,7.2
"species",135,135,16.6,0.72,21.5
"species",136,136,17,2.215,3.6
"species",137,137,18.5,1.514,20.1
"species",138,138,17.2,0.48,14
"species",139,139,18.3,1.161,6.8
"species",140,140,18.6,0.847,6.7
"species",141,141,18,1.374,12.2
"species",142,142,18.1,1.425,13.8
"species",143,143,17.1,0.55,15
"species",144,144,16,0.841,25.3
"species",145,145,18.8,1.514,24.6
"species",146,146,18.8,0.847,7.8
"species",147,147,18.7,0.847,7.3
"species",148,148,17.8,0.805,17.7
"species",149,149,16.5,0.822,24.5
"species",150,150,19.6,1.153,8.9
"species",151,151,18,0.85,14.9
"species",152,152,18.7,0.847,2
"species",153,153,18.5,0.887,4.8
"species",154,154,17.7,0.584,12.3
"species",155,155,17.6,1.727,1.4
"species",156,156,17.4,0.55,16.4
"species",157,157,18.7,1.153,14.9
"species",158,158,18.1,0.847,7.8
"species",159,159,17.3,0.929,25.6
"species",160,160,16.9,1.98,11.4
"species",161,161,18.9,0.847,3.8
"species",162,162,19,1.045,18.7
"species",163,163,18.9,0.847,5.5
"species",164,164,17.5,1.362,18.1
"species",165,165,18.4,1.221,8.3
"species",166,166,17.6,0.55,0.1
"species",167,167,18.9,0.847,4.3
"species",168,168,18,1.374,12.2
"species",169,169,18.4,1.221,8.3
"species",170,170,18.5,1.183,19.1
"species",171,171,16.9,1.98,9.8
"species",172,172,18.1,0.847,1.2
"species",173,173,17.9,1.45,19.5
"species",174,174,18.3,1.003,13.7
"species",175,175,16.1,1.98,1.2
"species",176,176,16.4,0.49,0.9
"species",177,177,17.1,1.98,12.2
"species",178,178,16.7,2.249,12.3
"species",179,179,18.7,1.045,17.5
"species",180,180,16.1,0.35,0.5
"species",181,181,18.5,0.844,10.1
"species",182,182,17,0.913,17.8
"species",183,183,19,0.943,10.9
"species",184,184,18.8,0.847,8.5
"species",185,185,18.7,0.847,4.2
"species",186,186,18.5,0.837,7.1
"species",187,187,19.5,1.153,11.5
"species",188,188,15.1,0.29,6.6
"species",189,189,18.4,0.847,4.6
"species",190,190,17.6,1.71,3.1
"species",191,191,17,0.913,17.8
"species",192,192,18.2,1.288,9.2
"species",193,193,17.1,0.48,14
"species",194,194,17,0.975,22.6
"species",195,195,19.4,1.153,8
"species",196,196,18.4,1.07,8.8
"species",197,197,16.8,0.34,0.2
"species",198,198,16.9,0.847,16.8
"species",199,199,18.5,1.059,8.7
"species",200,200,15.7,0.3,1.8
"species",201,201,18.9,0.847,3.1
"species",202,202,19.6,1.153,12.3
