"species","x","y","SegSumT","USRainDays","USSlope"
"background",1,1,18.3,0.847,0.4
"background",2,2,16.7,0.21,0.4
"background",3,3,12.7,0.43,9.6
"background",4,4,18.1,1.153,4.9
"background",5,5,13.4,0.77,20.1
"background",6,6,15.9,0.21,0.9
"background",7,7,15.7,3.3,2.7
"background",8,8,15.7,2.78,26.6
"background",9,9,16.7,1.101,12.3
"background",10,10,16.4,0.21,25.5
"background",11,11,14.3,0.54,26.9
"background",12,12,15.2,1.082,7.6
"background",13,13,13,0.24,18.9
"background",14,14,19.1,0.847,0
"background",15,15,13.2,0.21,23.2
"background",16,16,17.2,0.974,7.5
"background",17,17,18.8,1.504,19.3
"background",18,18,16.5,1.98,27.4
"background",19,19,13.1,0.32,20.9
"background",20,20,12.8,0.33,11.5
"background",21,21,16.3,3.27,20.1
"background",22,22,16.6,2.249,2.5
"background",23,23,15.4,3.3,14.3
"background",24,24,15,1.94,27.4
"background",25,25,15.3,0.79,24.7
"background",26,26,18.8,1.512,9.3
"background",27,27,17.8,1.396,19.1
"background",28,28,17.1,1.22,23.9
"background",29,29,16.7,1.22,29.5
"background",30,30,16,3.3,24.4
"background",31,31,16.9,0.37,0.3
"background",32,32,12.8,0.24,10.6
"background",33,33,16.8,0.21,10.1
"background",34,34,17.8,1.153,24.9
"background",35,35,17.4,1.22,26.2
"background",36,36,13.6,0.29,6.4
"background",37,37,15.8,3.3,7.1
"background",38,38,16.2,3.3,3.5
"background",39,39,16.7,0.21,16.1
"background",40,40,14.3,1.022,12.2
"background",41,41,18.6,1.153,14.1
"background",42,42,17.1,0.846,15.1
"background",43,43,14.4,0.55,23.1
"background",44,44,13.2,0.7,15.8
"background",45,45,14.7,0.21,19
"background",46,46,17.2,0.67,20.8
"background",47,47,15.7,3.26,31.6
"background",48,48,15,0.21,24.4
"background",49,49,13.8,0.93,12.8
"background",50,50,16.9,0.37,0.3
"background",51,51,15.9,0.21,15.6
"background",52,52,15,3.3,2.2
"background",53,53,15.6,0.25,22.6
"background",54,54,15.3,3.3,12.5
"background",55,55,17.4,0.35,21.1
"background",56,56,15.3,0.21,7.5
"background",57,57,16.3,0.762,12
"background",58,58,16.5,1.153,8.1
"background",59,59,12.3,0.29,6.4
"background",60,60,17.8,1.112,10.3
"background",61,61,18.4,1.514,17.4
"background",62,62,18,0.847,17.3
"background",63,63,16.3,1.2,26.4
"background",64,64,16.5,1.98,9.4
"background",65,65,14.2,0.23,14.3
"background",66,66,13.2,0.87,23.6
"background",67,67,16.2,1,26
"background",68,68,13.5,0.8,24.9
"background",69,69,15.9,1.143,24.4
"background",70,70,13.8,1.029,12.8
"background",71,71,13.5,0.65,21
"background",72,72,14.2,1.1,27.2
"background",73,73,15.2,3.3,3.8
"background",74,74,16.9,1.465,1.2
"background",75,75,17.1,0.848,16.5
"background",76,76,15.3,0.28,21.7
"background",77,77,18.3,0.881,7.7
"background",78,78,18.8,1.153,14.2
"background",79,79,18.5,1.256,22.8
"background",80,80,16.2,2.191,9.4
"background",81,81,16.6,1.98,17.3
"background",82,82,14.1,1.11,19.5
"background",83,83,15.4,3.3,7.1
"background",84,84,13.2,0.29,12.8
"background",85,85,15.6,3.3,13.1
"background",86,86,18.4,1.153,15.5
"background",87,87,16.5,0.867,15.2
"background",88,88,15.7,3.3,8.5
"background",89,89,17,0.849,13
"background",90,90,15.6,0.54,28.7
"background",91,91,17.1,1.22,23.4
"background",92,92,17.2,1.98,16.6
"background",93,93,18,0.907,14.1
"background",94,94,12.1,0.29,12.5
"background",95,95,17.8,1.35,9.5
"background",96,96,15.1,1.22,16
"background",97,97,16.9,0.87,22.3
"background",98,98,18.2,1.206,13.9
"background",99,99,11.7,0.21,14.4
"background",100,100,15.2,0.33,3.6
"background",101,101,17.2,1.153,13.6
"background",102,102,15.2,3.3,11.8
"background",103,103,14.5,1.75,13.1
"background",104,104,16,0.34,13.1
"background",105,105,13.4,0.21,5.6
"background",106,106,17,1.98,23
"background",107,107,19.1,0.996,6.9
"background",108,108,15.9,3.3,11.1
"background",109,109,15.2,3.3,12.5
"background",110,110,18,1.257,6.9
"background",111,111,18.1,0.878,7.9
"background",112,112,18.3,0.847,9.7
"background",113,113,14.6,1.23,20.4
"background",114,114,18.4,2.166,13.9
"background",115,115,15.7,1.98,30.1
"background",116,116,17.5,1.03,28.4
"background",117,117,13.8,0.21,15.5
"background",118,118,16.2,2.249,8.1
"background",119,119,18.6,1.321,13.9
"background",120,120,18.7,0.872,18
"background",121,121,16.9,0.55,26.6
"background",122,122,15.1,0.8,22.3
"background",123,123,17.2,1.23,13.9
"background",124,124,18.2,0.894,1.1
"background",125,125,13,0.32,22.1
"background",126,126,17.4,1.461,8.3
"background",127,127,18.6,0.847,9.2
"background",128,128,16.5,0.52,17.3
"background",129,129,12.4,0.29,8.4
"background",130,130,18.1,0.858,3
"background",131,131,14.6,1.86,2.3
"background",132,132,17,1.975,2.1
"background",133,133,16.2,2.36,27.1
"background",134,134,12.3,0.74,25.2
"background",135,135,15.8,3.03,7.2
"background",136,136,17.2,2.249,10.9
"background",137,137,12.8,0.29,12.9
"background",138,138,18.7,1.153,18.8
"background",139,139,13.9,0.34,0.3
"background",140,140,15.9,0.34,13.1
"background",141,141,13.3,2.65,28.9
"background",142,142,15.9,3.3,6.9
"background",143,143,15.4,2.224,2.9
"background",144,144,16.1,1.98,13.3
"background",145,145,14.6,1.127,20.3
"background",146,146,14.2,0.41,6.9
"background",147,147,13.7,0.31,23.4
"background",148,148,15.4,1.98,24.2
"background",149,149,15.8,3.3,4.2
"background",150,150,15.2,3.3,12
"background",151,151,15.7,1.153,23.8
"background",152,152,13.3,0.29,21.7
"background",153,153,16.4,2.144,2.5
"background",154,154,13.5,0.23,17.6
"background",155,155,16.4,0.21,5.1
"background",156,156,16.3,0.21,10.8
"background",157,157,17.1,1.301,7.4
"background",158,158,19,0.847,8.4
"background",159,159,17,0.39,0.2
"background",160,160,18,1.514,7.5
"background",161,161,18.2,1.141,21.1
"background",162,162,16,0.3,0.9
"background",163,163,15.2,0.25,13.3
"background",164,164,18.5,1.514,9.4
"background",165,165,16.9,0.771,10.6
"background",166,166,18.9,1.047,16
"background",167,167,15.7,0.21,14.9
"background",168,168,14.1,1.06,30.7
"background",169,169,18.4,1.153,17.5
"background",170,170,12.7,0.26,17.2
"background",171,171,17.1,1.1,22
"background",172,172,12.9,0.36,8.3
"background",173,173,15.2,2.249,4.3
"background",174,174,18.4,1.514,14.1
"background",175,175,15.6,1.87,23.1
"background",176,176,14.6,0.21,15.8
"background",177,177,16.8,1.98,20.1
"background",178,178,18.1,1.464,8.3
"background",179,179,18.8,1.147,19.5
"background",180,180,15.1,2.249,4.2
"background",181,181,14,0.29,10.1
"background",182,182,16.9,1.22,26.5
"background",183,183,13.8,0.8,23
"background",184,184,17,0.42,2.3
"background",185,185,13,1.98,11
"background",186,186,17.1,1.04,27.6
"background",187,187,18.3,0.847,13.4
"background",188,188,16.4,0.866,19.7
"background",189,189,17.5,0.761,2.8
"background",190,190,17.2,1.22,19.8
"background",191,191,15.8,0.21,11.3
"background",192,192,15.6,0.882,24.7
"background",193,193,18.1,1.514,13.6
"background",194,194,15.5,0.29,22.3
"background",195,195,15.7,3.3,27.9
"background",196,196,17.6,0.584,14.5
"background",197,197,18.9,1.72,29.2
"background",198,198,18.9,0.959,5.9
"background",199,199,13.5,0.29,8
"background",200,200,14.4,1.3,20.8
"background",201,201,14.3,0.29,22.8
"background",202,202,15.8,0.21,16
"background",203,203,14.2,0.21,18.3
"background",204,204,14.1,1.61,26.8
"background",205,205,19.6,1.153,13.7
"background",206,206,14.6,1.45,30.8
"background",207,207,16.1,0.21,17.4
"background",208,208,15.3,3.3,15.3
"background",209,209,14,2.4,14.3
"background",210,210,17.7,1.509,13
"background",211,211,15.7,0.55,13.2
"background",212,212,18.1,1.514,12.1
"background",213,213,17.2,1.98,21.9
"background",214,214,18.6,1.514,23.3
"background",215,215,15.5,0.33,13.6
"background",216,216,15.4,3.3,3.7
"background",217,217,16.9,1.953,3.5
"background",218,218,14.1,0.33,12.8
"background",219,219,14.4,0.21,7.7
"background",220,220,18.6,1.072,10.4
"background",221,221,13.8,0.29,6.9
"background",222,222,18.7,1.514,12.9
"background",223,223,14,0.41,7.8
"background",224,224,18.2,1.514,17.3
"background",225,225,14.2,0.34,5.3
"background",226,226,15.6,3.3,2.5
"background",227,227,18,1.039,10.2
"background",228,228,16.2,0.21,20.5
"background",229,229,18,1.149,15.1
"background",230,230,17.1,1.782,26.1
"background",231,231,15.7,1.041,14
"background",232,232,14,0.21,22.1
"background",233,233,19.6,1.153,12.3
"background",234,234,15.6,3.3,10.7
"background",235,235,16.5,1.22,17.3
"background",236,236,13.8,0.23,23.4
"background",237,237,15.7,3.3,0.6
"background",238,238,18.7,0.986,15.5
"background",239,239,16.8,0.21,10.1
"background",240,240,13.6,1.16,30.5
"background",241,241,18,0.934,9.8
"background",242,242,18.9,0.847,9.5
"background",243,243,15.7,1.22,17.2
"background",244,244,17,1.22,19.5
"background",245,245,12.5,0.21,4.5
"background",246,246,16.3,1.2,26.4
"background",247,247,15.4,3.3,28.5
"background",248,248,16,2.243,1.3
"background",249,249,16.9,0.846,17.3
"background",250,250,17.4,1.22,21.7
"background",251,251,14,0.29,6.7
"background",252,252,16.2,0.55,23.8
"background",253,253,18.2,1.226,6
"background",254,254,15.3,3.3,30.2
"background",255,255,15.9,3.3,11.6
"background",256,256,18.9,0.887,9.8
"background",257,257,18.9,0.893,10.4
"background",258,258,18.8,1.321,14
"background",259,259,10.1,0.29,7.1
"background",260,260,15.5,3.3,10.1
"background",261,261,16.4,0.957,23.1
"background",262,262,16.4,0.76,5.4
"background",263,263,15,1.059,9.9
"background",264,264,18.1,1.009,12.1
"background",265,265,16.4,0.866,22.6
"background",266,266,14,1.153,24.7
"background",267,267,15.8,3.3,5
"background",268,268,17.3,1.98,17.3
"background",269,269,17,1.22,14.4
"background",270,270,15.6,3.3,27.6
"background",271,271,16.5,1.98,15.8
"background",272,272,13.7,0.52,18.2
"background",273,273,15.7,0.811,24.3
"background",274,274,15.6,0.76,23.3
"background",275,275,18.2,2.206,14.5
"background",276,276,14.2,0.32,11
"background",277,277,18.9,0.887,9.8
"background",278,278,18,1.039,10.2
"background",279,279,16.9,0.55,25.6
"background",280,280,15.5,0.29,13.3
"background",281,281,17.5,1.505,20.6
"background",282,282,14,1.98,29
"background",283,283,15,1.22,19.8
"background",284,284,18.6,1.333,16.8
"background",285,285,16.9,0.976,12.8
"background",286,286,15.6,3.3,14.4
"background",287,287,17.5,1.191,11.7
"background",288,288,15.6,2.236,3.6
"background",289,289,13.9,0.97,18.6
"background",290,290,17,1.514,23.4
"background",291,291,16.4,1.514,24.6
"background",292,292,14.7,1.646,22.4
"background",293,293,14.7,1.47,1.5
"background",294,294,18.4,1.514,15
"background",295,295,15.3,2.234,6.7
"background",296,296,19.3,1.153,16
"background",297,297,16.6,0.976,19.8
"background",298,298,14,0.35,6.4
"background",299,299,16.9,0.97,28.5
"background",300,300,14.7,1.19,23.7
"background",301,301,18.8,1.015,0.1
"background",302,302,15.7,2.81,28.4
"background",303,303,15.4,2.25,10.3
"background",304,304,12.3,0.29,8.5
"background",305,305,19,0.847,5
"background",306,306,14.7,3.3,16.3
"background",307,307,15.7,3.3,6.4
"background",308,308,15.8,0.22,11.2
"background",309,309,18.6,0.847,11.2
"background",310,310,18.9,0.893,9.7
"background",311,311,18.8,0.847,7.3
"background",312,312,18.5,1.357,17.7
"background",313,313,17.4,1.079,11.8
"background",314,314,15,2.07,16.6
"background",315,315,16.8,1.156,5.1
"background",316,316,15.1,2.33,19.4
"background",317,317,17.7,0.847,16.7
"background",318,318,18,0.847,11.2
"background",319,319,18.6,0.847,2.2
"background",320,320,16,0.21,10.8
"background",321,321,17.1,1.23,13.4
"background",322,322,16.3,1.98,16.3
"background",323,323,15.5,1.1,3.6
"background",324,324,15.8,3.3,16.4
"background",325,325,13,1.98,10.8
"background",326,326,15.2,3.3,11.7
"background",327,327,13.6,2.7,31
"background",328,328,18.6,2.135,5.3
"background",329,329,19.3,1.071,11
"background",330,330,18.7,1.153,14
"background",331,331,15.9,0.29,28.9
"background",332,332,16.8,1.22,27.6
"background",333,333,16.3,1.153,20.2
"background",334,334,15.4,3.3,28.6
"background",335,335,15.4,3.3,11.3
"background",336,336,13.7,0.31,18.9
"background",337,337,18.3,1.514,20.7
"background",338,338,16.4,1.153,9.1
"background",339,339,13.8,0.41,11.2
"background",340,340,18.1,1.193,14.1
"background",341,341,12.8,0.29,12.9
"background",342,342,16.9,0.673,0.5
"background",343,343,18.4,0.847,13.1
"background",344,344,17.4,1.22,22.6
"background",345,345,18.2,1.153,24.4
"background",346,346,17.4,1.176,15.6
"background",347,347,15,1.059,9.9
"background",348,348,19.3,1.153,20.1
"background",349,349,18.9,0.893,9.7
"background",350,350,15.7,3.3,13.5
"background",351,351,18.4,1.514,9.9
"background",352,352,14.1,0.29,23.8
"background",353,353,16.9,0.852,28.4
"background",354,354,18.6,1.153,15.8
"background",355,355,15,2.07,16.6
"background",356,356,13.8,0.79,26.4
"background",357,357,12.3,0.8,26.1
"background",358,358,18.3,1.514,21.1
"background",359,359,19.2,1.153,12
"background",360,360,16.4,1.22,24.8
"background",361,361,15.7,0.21,20.1
"background",362,362,15.5,0.886,12.2
"background",363,363,16.5,0.64,16.8
"background",364,364,14,1.98,12.6
"background",365,365,17.7,1.514,15.7
"background",366,366,16.7,1.98,22
"background",367,367,13.6,0.64,20.7
"background",368,368,16.4,1.424,15.5
"background",369,369,15.7,1.22,26.7
"background",370,370,13.9,0.21,9.7
"background",371,371,12.1,0.29,7
"background",372,372,16.1,1.966,1.9
"background",373,373,15.3,1.94,22.8
"background",374,374,15.5,3.3,32.7
"background",375,375,15.1,0.29,19.5
"background",376,376,17,1.514,21.9
"background",377,377,16.5,1.207,7.6
"background",378,378,16.6,1.98,22.3
"background",379,379,14.4,0.29,13
"background",380,380,16.9,1.514,21.2
"background",381,381,13.9,0.29,24.9
"background",382,382,18.7,0.85,4.2
"background",383,383,14,0.45,9.5
"background",384,384,17.1,1.63,24.9
"background",385,385,16,3.27,9.8
"background",386,386,16.9,1.153,11.8
"background",387,387,16.1,0.54,15.7
"background",388,388,16,2.249,8.7
"background",389,389,15.9,0.29,4.4
"background",390,390,14.9,0.95,29.7
"background",391,391,15.2,0.823,22.2
"background",392,392,15.7,1.111,22.9
"background",393,393,16.5,1.153,12.6
"background",394,394,14.1,1.97,28.8
"background",395,395,18.5,1.473,15.2
"background",396,396,14,0.29,7.5
"background",397,397,16.5,0.21,18.2
"background",398,398,16.5,0.27,22.6
"background",399,399,16.3,0.781,8.4
"background",400,400,18.1,1.274,24.6
"background",401,401,12.5,0.3,8
"background",402,402,15.1,0.34,23.6
"background",403,403,14.8,2.249,18.1
"background",404,404,18.4,0.864,6.3
"background",405,405,19,0.847,8.4
"background",406,406,11.9,0.29,8.1
"background",407,407,14.9,2.247,11.8
"background",408,408,14.3,0.35,10.2
"background",409,409,18.1,1.217,14.8
"background",410,410,17.3,1.98,24.3
"background",411,411,15.4,3.3,21.8
"background",412,412,15.1,0.9,31.4
"background",413,413,15.6,3.25,14.6
"background",414,414,14.9,2.249,3.9
"background",415,415,15.7,3.3,15.3
"background",416,416,15.2,3.3,11.8
"background",417,417,17.2,1.514,7.4
"background",418,418,18.8,1.153,8.1
"background",419,419,11.2,0.26,15.7
"background",420,420,15.9,0.21,18.3
"background",421,421,15.8,3.3,31.8
"background",422,422,16.6,1.82,28.7
"background",423,423,15.1,2.08,28.1
"background",424,424,14.8,1.07,11
"background",425,425,16.1,1.153,24.4
"background",426,426,15.4,3.3,14.3
"background",427,427,15.6,3.25,14.6
"background",428,428,15.7,3.19,18.1
"background",429,429,15.6,0.859,27.4
"background",430,430,18.3,0.847,9.4
"background",431,431,18.5,0.847,9.4
"background",432,432,17.2,0.21,19.5
"background",433,433,18.4,1.514,18.7
"background",434,434,14.7,0.38,13.6
"background",435,435,12.6,0.22,2.4
"background",436,436,18.2,1.514,18.9
"background",437,437,14.5,2.59,32.6
"background",438,438,15.7,1.04,27.1
"background",439,439,18.9,0.893,10.4
"background",440,440,16.2,2.36,27.1
"background",441,441,16.5,1.22,22.4
"background",442,442,14.6,3.3,33.5
"background",443,443,15.9,0.881,22.4
"background",444,444,15.1,0.29,8.9
"background",445,445,18.8,1.514,8.3
"background",446,446,17.4,1.514,3.4
"background",447,447,15.9,1.153,26.2
"background",448,448,17.6,1.159,13.5
"background",449,449,15.2,1.87,31.1
"background",450,450,16,0.34,13.1
"background",451,451,14.8,2.09,28.2
"background",452,452,18.6,1.153,5
"background",453,453,15.8,0.29,0.9
"background",454,454,15.5,2.53,2.6
"background",455,455,14.2,1.84,24.6
"background",456,456,15,3.3,23.2
"background",457,457,18,0.601,19.5
"background",458,458,16.3,0.21,15.8
"background",459,459,14.8,0.49,12.8
"background",460,460,13.9,0.21,25.5
"background",461,461,18.7,0.847,5.4
"background",462,462,14.3,1.44,29.9
"background",463,463,16.5,0.6,5.2
"background",464,464,15.2,3.3,3.8
"background",465,465,16.9,0.54,2
"background",466,466,13.5,0.83,27.2
"background",467,467,15.2,1.99,29.7
"background",468,468,18.3,2.177,14.1
"background",469,469,17,1.98,18.3
"background",470,470,17.1,1.514,13.8
"background",471,471,17.3,1.514,16.9
"background",472,472,18.8,1.514,3.9
"background",473,473,18.5,1.514,20.7
"background",474,474,16.3,2.249,6.5
"background",475,475,16.8,0.21,18.1
"background",476,476,16,2.74,15.8
"background",477,477,19.1,0.847,6.8
"background",478,478,19.3,1.153,14.3
"background",479,479,15.1,2.249,2.9
"background",480,480,17.9,1.187,14
"background",481,481,17.2,0.875,20.7
"background",482,482,17.3,1.037,13.5
"background",483,483,15.8,0.787,25.3
"background",484,484,17.2,0.847,7.8
"background",485,485,17.5,1.215,21.1
"background",486,486,17,0.65,31.1
"background",487,487,15.3,3.3,14.4
"background",488,488,14,2.04,29
"background",489,489,17.5,1.688,22.5
"background",490,490,15.3,0.34,11.1
"background",491,491,15.3,0.34,23
"background",492,492,15.9,0.68,11.4
"background",493,493,13.6,0.23,17.5
"background",494,494,17,1.153,13.8
"background",495,495,16.2,0.976,21.7
"background",496,496,16,0.34,13.1
"background",497,497,16.9,1.095,9.5
"background",498,498,13,1.98,8.5
"background",499,499,13.2,0.3,6.4
"background",500,500,16.2,1.149,16.4
"background",501,501,18.6,1.153,14.9
"background",502,502,12.1,0.21,4.6
"background",503,503,15.4,0.49,10.8
"background",504,504,16.1,0.29,1.9
"background",505,505,17.3,1.22,24.1
"background",506,506,18.1,0.848,7.1
"background",507,507,19.3,0.85,7.9
"background",508,508,14.1,0.8,25.1
"background",509,509,17.4,0.584,0.3
"background",510,510,13,0.24,19.9
"background",511,511,12.8,0.98,30.9
"background",512,512,17.3,2.249,4.3
"background",513,513,11.4,1.94,30.1
"background",514,514,14.5,0.29,8.4
"background",515,515,14.5,1.41,16.6
"background",516,516,16,1.58,20.4
"background",517,517,12.2,0.26,8.7
"background",518,518,16.7,0.976,23.7
"background",519,519,13.9,0.29,6.9
"background",520,520,18.3,1.153,17.3
"background",521,521,12.8,0.29,11.4
"background",522,522,16.5,0.888,11.3
"background",523,523,15.1,0.34,23.6
"background",524,524,16.1,0.29,0.3
"background",525,525,15.4,3.3,11.3
"background",526,526,17.5,0.847,12.6
"background",527,527,16,2.84,23.4
"background",528,528,17.7,1.377,12.6
"background",529,529,13.8,0.47,12.6
"background",530,530,17.9,1.496,12.8
"background",531,531,16.2,3.3,9
"background",532,532,14.7,0.55,23.2
"background",533,533,15.3,3.3,14.9
"background",534,534,14.4,0.29,9.6
"background",535,535,13.6,0.23,25.9
"background",536,536,14.7,0.31,11.9
"background",537,537,14.1,0.24,24.4
"background",538,538,17,1.22,22.5
"background",539,539,14.9,1.54,30.5
"background",540,540,17,1.153,15.3
"background",541,541,15.1,3.3,12.5
"background",542,542,14.9,3.3,26.8
"background",543,543,17.2,2.249,16.9
"background",544,544,18.1,1.514,7.7
"background",545,545,13.5,0.29,15.6
"background",546,546,15.2,0.25,13.3
"background",547,547,18.4,0.847,5.3
"background",548,548,14.7,0.31,14.5
