"species","x","y","SegSumT","USRainDays","USSlope"
"species",1,1,18.7,1.153,8.3
"species",2,2,18.2,0.847,20.5
"species",3,3,18.3,0.862,7.9
"species",4,4,17.5,0.55,0.1
"species",5,5,16.2,1.98,0.9
"species",6,6,18.2,0.847,20.5
"species",7,7,18.3,0.874,8.6
"species",8,8,19,0.847,3.8
"species",9,9,16.9,0.35,10.5
"species",10,10,18.7,1.153,8.7
"species",11,11,18.6,1.153,20.8
"species",12,12,16.5,0.976,13.5
"species",13,13,18.9,1.445,14.8
"species",14,14,16.1,1.98,0.8
"species",15,15,19.1,0.847,1.5
"species",16,16,18.2,0.888,1.1
"species",17,17,18.9,1.145,3.5
"species",18,18,19,0.847,5.9
"species",19,19,18.1,1.484,14.9
"species",20,20,18.5,0.847,7
"species",21,21,16.2,1.047,15
"species",22,22,19,0.847,2.3
"species",23,23,18.8,1.514,5.1
"species",24,24,18.8,1.153,16.9
"species",25,25,17.2,1.98,26.6
"species",26,26,17.8,0.926,14.7
"species",27,27,18.1,0.906,11.8
"species",28,28,17,0.638,0.5
"species",29,29,18.4,1.514,16.7
"species",30,30,17.2,0.48,12
"species",31,31,14.9,0.29,13.6
"species",32,32,16.7,1.98,30.8
"species",33,33,16.2,0.35,0.5
"species",34,34,18.9,1.147,3.5
"species",35,35,18.5,1.153,20.7
"species",36,36,18.1,0.847,0.8
"species",37,37,17.5,0.584,0.6
"species",38,38,17.2,0.939,13.1
"species",39,39,18.8,1.514,7.8
"species",40,40,17.6,1.167,14
"species",41,41,14.7,0.33,2.5
"species",42,42,17.6,0.76,8.5
"species",43,43,18.3,0.876,9.4
"species",44,44,17.1,0.48,14
"species",45,45,18.7,0.847,4.4
"species",46,46,19,1.199,13.8
"species",47,47,15,3.3,14.7
"species",48,48,17.9,0.847,20
"species",49,49,18.3,0.876,9.4
"species",50,50,18.3,0.847,13.4
"species",51,51,18.3,0.847,9.7
"species",52,52,17.6,2.117,3.8
"species",53,53,18.3,0.863,8.3
"species",54,54,18.7,1.149,16.2
"species",55,55,17.9,0.874,7.9
"species",56,56,17.1,0.5,15.9
"species",57,57,18.3,1.044,9.2
"species",58,58,16.3,0.964,16.3
"species",59,59,18.9,0.847,13
"species",60,60,18.5,1.143,19.4
"species",61,61,17.1,1.98,3.3
"species",62,62,17.4,1.153,15.3
"species",63,63,17,0.882,23.2
"species",64,64,18.1,0.882,15.9
"species",65,65,17.6,0.803,12.8
"species",66,66,18.4,1.269,4.2
"species",67,67,18.1,1.189,14.4
"species",68,68,18.5,0.887,4.9
"species",69,69,16.9,0.34,0.1
"species",70,70,17.1,0.966,24.3
"species",71,71,17.2,0.769,17.3
"species",72,72,18.9,0.847,7.8
"species",73,73,16.3,1.705,6.3
"species",74,74,19,0.854,6.8
"species",75,75,17.9,1.381,12.5
"species",76,76,18.7,0.847,2
"species",77,77,17.7,1.435,8.3
"species",78,78,17.2,0.48,13.9
"species",79,79,18.7,0.847,2.3
"species",80,80,16.8,1.127,3.6
"species",81,81,18.7,0.76,2
"species",82,82,18.4,1.205,9.7
"species",83,83,16.8,0.55,16
"species",84,84,17.2,0.48,14
"species",85,85,19,0.847,7.2
"species",86,86,17,2.215,3.6
"species",87,87,18.5,1.514,20.1
"species",88,88,18.3,1.161,6.8
"species",89,89,18.6,0.847,6.7
"species",90,90,18,1.374,12.2
"species",91,91,16,0.841,25.3
"species",92,92,18.8,1.514,24.6
"species",93,93,18.8,0.847,7.8
"species",94,94,16.5,0.822,24.5
"species",95,95,19.6,1.153,8.9
"species",96,96,18,0.85,14.9
"species",97,97,18.7,0.847,2
"species",98,98,18.5,0.887,4.8
"species",99,99,17.7,0.584,12.3
"species",100,100,17.6,1.727,1.4
"species",101,101,18.7,1.153,14.9
"species",102,102,17.3,0.929,25.6
"species",103,103,18.9,0.847,3.8
"species",104,104,19,1.045,18.7
"species",105,105,18.9,0.847,5.5
"species",106,106,18.4,1.221,8.3
"species",107,107,18.9,0.847,4.3
"species",108,108,18,1.374,12.2
"species",109,109,18.4,1.221,8.3
"species",110,110,18.5,1.183,19.1
"species",111,111,16.9,1.98,9.8
"species",112,112,18.1,0.847,1.2
"species",113,113,18.3,1.003,13.7
"species",114,114,17.1,1.98,12.2
"species",115,115,18.7,1.045,17.5
"species",116,116,18.5,0.844,10.1
"species",117,117,17,0.913,17.8
"species",118,118,19,0.943,10.9
"species",119,119,18.8,0.847,8.5
"species",120,120,18.7,0.847,4.2
"species",121,121,18.5,0.837,7.1
"species",122,122,19.5,1.153,11.5
"species",123,123,15.1,0.29,6.6
"species",124,124,17.6,1.71,3.1
"species",125,125,17.1,0.48,14
"species",126,126,17,0.975,22.6
"species",127,127,19.4,1.153,8
"species",128,128,18.4,1.07,8.8
"species",129,129,16.8,0.34,0.2
"species",130,130,15.7,0.3,1.8
"species",131,131,19.6,1.153,12.3
